48.1505E+0	-18.9967E+0	790.1619E-3	-6.8163E+0	115.9228E-3	28.3132E+0
48.3000E+0	-18.0000E+0	755.7369E-3	-6.8655E+0	110.0775E-3	28.3173E+0
48.4500E+0	-17.0000E+0	758.1678E-3	-6.9395E+0	109.2532E-3	28.3397E+0
48.6000E+0	-16.0000E+0	733.7524E-3	-6.9930E+0	104.9274E-3	28.3444E+0
48.7500E+0	-15.0000E+0	609.9182E-3	-6.8597E+0	88.9127E-3	28.3509E+0
48.9000E+0	-14.0000E+0	683.0130E-3	-6.8411E+0	99.8395E-3	28.3486E+0
49.0500E+0	-13.0000E+0	749.2245E-3	-6.8322E+0	109.6610E-3	28.3559E+0
49.2000E+0	-12.0000E+0	639.8415E-3	-6.8443E+0	93.4849E-3	28.3602E+0
49.3500E+0	-11.0000E+0	685.0483E-3	-6.9593E+0	98.4357E-3	28.3650E+0
49.5000E+0	-10.0000E+0	635.9555E-3	-6.8251E+0	93.1793E-3	28.3684E+0
49.6500E+0	-9.0000E+0	616.6205E-3	-6.8410E+0	90.1364E-3	28.3759E+0
49.8000E+0	-8.0000E+0	859.0554E-3	-6.8404E+0	125.5858E-3	28.3992E+0
49.9500E+0	-7.0000E+0	764.9107E-3	-6.7160E+0	113.8936E-3	28.3897E+0
50.1000E+0	-6.0000E+0	847.1315E-3	-6.6821E+0	126.7761E-3	28.3894E+0
50.2500E+0	-5.0000E+0	921.4294E-3	-6.8218E+0	135.0714E-3	28.4143E+0
50.4000E+0	-4.0000E+0	1.4613E+0	-6.8287E+0	213.9974E-3	28.3956E+0
50.5500E+0	-3.0000E+0	2.9795E+0	-6.9511E+0	428.6348E-3	28.3716E+0
50.7000E+0	-2.0000E+0	10.2381E+0	-6.9340E+0	1.4765E+0	28.3603E+0
50.8500E+0	-1.0000E+0	53.4870E+0	-6.9170E+0	7.7326E+0	28.3551E+0
51.0000E+0	0.0000E+0	362.2483E+0	-7.1431E+0	50.7133E+0	28.3751E+0
51.1500E+0	1.0000E+0	750.2809E+0	-7.2745E+0	103.1386E+0	28.3616E+0
51.3000E+0	2.0000E+0	927.2133E+0	-7.2955E+0	127.0934E+0	28.3879E+0
51.4500E+0	3.0000E+0	873.2515E+0	-7.3547E+0	118.7337E+0	28.4001E+0
51.6000E+0	4.0000E+0	781.7391E+0	-7.2559E+0	107.7378E+0	28.3945E+0
51.7500E+0	5.0000E+0	795.6527E+0	-7.2410E+0	109.8811E+0	28.3938E+0
51.9000E+0	6.0000E+0	844.5226E+0	-7.1991E+0	117.3101E+0	28.3983E+0
52.0500E+0	7.0000E+0	817.6477E+0	-7.1473E+0	114.3995E+0	28.3989E+0
52.2000E+0	8.0000E+0	744.1983E+0	-7.0819E+0	105.0848E+0	28.3829E+0
52.3500E+0	9.0000E+0	725.3781E+0	-7.3436E+0	98.7774E+0	28.3657E+0
52.5000E+0	10.0000E+0	749.6748E+0	-7.2795E+0	102.9849E+0	28.3962E+0
52.6500E+0	11.0000E+0	736.3989E+0	-7.2320E+0	101.8251E+0	28.3953E+0
52.8000E+0	12.0000E+0	689.8741E+0	-7.3287E+0	94.1335E+0	28.3752E+0
52.9500E+0	13.0000E+0	665.5701E+0	-7.1970E+0	92.4789E+0	28.3570E+0
53.1000E+0	14.0000E+0	669.8133E+0	-7.2158E+0	92.8256E+0	28.3706E+0
53.2500E+0	15.0000E+0	665.5921E+0	-7.0576E+0	94.3084E+0	28.3900E+0
53.4000E+0	16.0000E+0	639.1203E+0	-7.1200E+0	89.7639E+0	28.3810E+0
53.5500E+0	17.0000E+0	620.0089E+0	-7.1398E+0	86.8389E+0	28.4091E+0
53.7000E+0	18.0000E+0	619.2571E+0	-7.1117E+0	87.0760E+0	28.4038E+0
53.8500E+0	19.0000E+0	618.5813E+0	-7.0206E+0	88.1094E+0	28.3582E+0
54.0000E+0	20.0000E+0	605.1030E+0	-7.0489E+0	85.8437E+0	28.3849E+0
54.1500E+0	21.0000E+0	595.1079E+0	-7.0747E+0	84.1175E+0	28.3546E+0
54.3000E+0	22.0000E+0	596.9365E+0	-7.1726E+0	83.2240E+0	28.3582E+0
54.4500E+0	23.0000E+0	598.9627E+0	-7.1111E+0	84.2287E+0	28.3871E+0
54.6000E+0	24.0000E+0	590.9107E+0	-7.1387E+0	82.7758E+0	28.3702E+0
54.7500E+0	25.0000E+0	582.8953E+0	-7.1567E+0	81.4479E+0	28.4036E+0
54.9000E+0	26.0000E+0	580.2884E+0	-7.2425E+0	80.1230E+0	28.4317E+0
55.0500E+0	27.0000E+0	581.5385E+0	-7.3719E+0	78.8856E+0	28.4361E+0
55.2000E+0	28.0000E+0	576.5054E+0	-7.2094E+0	79.9655E+0	28.4299E+0
55.3500E+0	29.0000E+0	568.3327E+0	-7.0811E+0	80.2605E+0	28.4150E+0
55.5000E+0	30.0000E+0	563.5337E+0	-7.1414E+0	78.9113E+0	28.4069E+0
55.6500E+0	31.0000E+0	563.6427E+0	-7.1992E+0	78.2924E+0	28.3959E+0
55.8000E+0	32.0000E+0	559.9462E+0	-7.2372E+0	77.3710E+0	28.3763E+0
55.9500E+0	33.0000E+0	552.7678E+0	-7.2326E+0	76.4276E+0	28.3868E+0
56.1000E+0	34.0000E+0	548.8145E+0	-7.2491E+0	75.7080E+0	28.3722E+0
56.2500E+0	35.0000E+0	546.9985E+0	-7.1660E+0	76.3330E+0	28.3511E+0
56.4000E+0	36.0000E+0	546.5071E+0	-6.9874E+0	78.2129E+0	28.3578E+0
56.5500E+0	37.0000E+0	543.2877E+0	-7.1349E+0	76.1447E+0	28.3480E+0
56.7000E+0	38.0000E+0	540.2694E+0	-7.3394E+0	73.6126E+0	28.3394E+0
56.8500E+0	39.0000E+0	538.5631E+0	-7.1301E+0	75.5338E+0	28.3558E+0
57.0000E+0	40.0000E+0	538.2751E+0	-7.0253E+0	76.6192E+0	28.3745E+0
57.1500E+0	41.0000E+0	535.8111E+0	-7.1491E+0	74.9480E+0	28.3664E+0
57.3000E+0	42.0000E+0	532.2828E+0	-7.3045E+0	72.8705E+0	28.4201E+0
57.4500E+0	43.0000E+0	530.4744E+0	-7.2456E+0	73.2137E+0	28.4230E+0
57.6000E+0	44.0000E+0	529.5170E+0	-7.1464E+0	74.0957E+0	28.3773E+0
57.7500E+0	45.0000E+0	527.1230E+0	-7.2043E+0	73.1682E+0	28.3763E+0
57.9000E+0	46.0000E+0	526.2051E+0	-7.2418E+0	72.6626E+0	28.3721E+0
58.0500E+0	47.0000E+0	525.1876E+0	-7.3697E+0	71.2630E+0	28.3919E+0
58.2000E+0	48.0000E+0	525.3606E+0	-7.2464E+0	72.4994E+0	28.4204E+0
58.3500E+0	49.0000E+0	524.2457E+0	-7.0571E+0	74.2861E+0	28.4452E+0
58.5000E+0	50.0000E+0	521.9862E+0	-7.2758E+0	71.7428E+0	28.4321E+0
58.6500E+0	51.0000E+0	521.3181E+0	-7.2628E+0	71.7790E+0	28.4194E+0
58.8000E+0	52.0000E+0	521.6489E+0	-7.3520E+0	70.9487E+0	28.4237E+0
58.9500E+0	53.0000E+0	520.6059E+0	-7.2575E+0	71.7334E+0	28.4195E+0
59.1000E+0	54.0000E+0	519.5201E+0	-7.3429E+0	70.7509E+0	28.4141E+0
59.2500E+0	55.0000E+0	518.1541E+0	-7.1713E+0	72.2541E+0	28.4120E+0
59.4000E+0	56.0000E+0	516.8152E+0	-7.0950E+0	72.8425E+0	28.4033E+0
59.5500E+0	57.0000E+0	515.2193E+0	-7.0703E+0	72.8707E+0	28.4130E+0
59.7000E+0	58.0000E+0	513.1448E+0	-7.1237E+0	72.0335E+0	28.4072E+0
59.8500E+0	59.0000E+0	509.1369E+0	-7.1701E+0	71.0086E+0	28.3846E+0
60.0000E+0	60.0000E+0	507.1383E+0	-7.1754E+0	70.6773E+0	28.3832E+0
60.1500E+0	61.0000E+0	507.3645E+0	-7.1734E+0	70.7287E+0	28.3795E+0
60.3000E+0	62.0000E+0	506.6788E+0	-7.1470E+0	70.8934E+0	28.4166E+0
60.4500E+0	63.0000E+0	507.0315E+0	-7.3377E+0	69.0995E+0	28.3791E+0
60.6000E+0	64.0000E+0	506.5039E+0	-7.2970E+0	69.4124E+0	28.3703E+0
60.7500E+0	65.0000E+0	505.7711E+0	-7.1225E+0	71.0104E+0	28.3765E+0
60.9000E+0	66.0000E+0	504.2226E+0	-7.1122E+0	70.8952E+0	28.3744E+0
61.0500E+0	67.0000E+0	504.0304E+0	-7.2309E+0	69.7051E+0	28.3690E+0
61.2000E+0	68.0000E+0	502.4397E+0	-7.2655E+0	69.1543E+0	28.3648E+0
61.3500E+0	69.0000E+0	503.3131E+0	-7.1523E+0	70.3708E+0	28.3909E+0
61.5000E+0	70.0000E+0	504.0913E+0	-7.3342E+0	68.7312E+0	28.4047E+0
61.6500E+0	71.0000E+0	504.0548E+0	-7.3358E+0	68.7115E+0	28.4271E+0
61.8000E+0	72.0000E+0	502.5920E+0	-7.3823E+0	68.0806E+0	28.4448E+0
61.9500E+0	73.0000E+0	501.7344E+0	-7.2600E+0	69.1091E+0	28.4324E+0
62.1000E+0	74.0000E+0	499.1892E+0	-7.3578E+0	67.8447E+0	28.4269E+0
62.2500E+0	75.0000E+0	496.9036E+0	-7.2980E+0	68.0881E+0	28.4135E+0
62.4000E+0	76.0000E+0	494.7449E+0	-7.3009E+0	67.7646E+0	28.3960E+0
62.5500E+0	77.0000E+0	493.1670E+0	-7.3064E+0	67.4981E+0	28.3954E+0
62.7000E+0	78.0000E+0	491.6106E+0	-7.2235E+0	68.0570E+0	28.3919E+0
62.8500E+0	79.0000E+0	492.4706E+0	-7.1463E+0	68.9129E+0	28.3888E+0
63.0000E+0	80.0000E+0	492.6165E+0	-7.1163E+0	69.2234E+0	28.4029E+0
63.1500E+0	81.0000E+0	492.7380E+0	-7.1910E+0	68.5215E+0	28.4088E+0
63.3000E+0	82.0000E+0	494.0446E+0	-7.1627E+0	68.9748E+0	28.4163E+0
63.4500E+0	83.0000E+0	493.3181E+0	-7.3160E+0	67.4304E+0	28.3946E+0
63.6000E+0	84.0000E+0	492.0151E+0	-7.2198E+0	68.1485E+0	28.3968E+0
63.7500E+0	85.0000E+0	491.3087E+0	-7.3017E+0	67.2868E+0	28.4060E+0
63.9000E+0	86.0000E+0	490.3959E+0	-7.2157E+0	67.9628E+0	28.4227E+0
64.0500E+0	87.0000E+0	489.1306E+0	-7.2675E+0	67.3036E+0	28.4097E+0
64.2000E+0	88.0000E+0	488.6860E+0	-7.2590E+0	67.3211E+0	28.4228E+0
64.3500E+0	89.0000E+0	485.5937E+0	-7.2438E+0	67.0360E+0	28.4140E+0
64.5000E+0	90.0000E+0	484.9186E+0	-7.2915E+0	66.5045E+0	28.4149E+0
64.6500E+0	91.0000E+0	483.7707E+0	-7.2122E+0	67.0766E+0	28.4111E+0
64.8000E+0	92.0000E+0	482.6755E+0	-7.2219E+0	66.8346E+0	28.4054E+0
64.9500E+0	93.0000E+0	481.9992E+0	-7.1672E+0	67.2505E+0	28.4176E+0
65.1000E+0	94.0000E+0	480.8277E+0	-7.0442E+0	68.2584E+0	28.4410E+0
65.2500E+0	95.0000E+0	480.5079E+0	-7.2248E+0	66.5081E+0	28.4552E+0
65.4000E+0	96.0000E+0	480.9985E+0	-7.1430E+0	67.3389E+0	28.4345E+0
65.5500E+0	97.0000E+0	480.5583E+0	-7.2059E+0	66.6897E+0	28.4356E+0
65.7000E+0	98.0000E+0	480.8325E+0	-7.1023E+0	67.7008E+0	28.4346E+0
65.8500E+0	99.0000E+0	480.3401E+0	-7.1155E+0	67.5063E+0	28.4409E+0
66.0000E+0	100.0000E+0	480.1543E+0	-7.1687E+0	66.9795E+0	28.4260E+0
66.1500E+0	101.0000E+0	478.7719E+0	-7.1640E+0	66.8307E+0	28.4181E+0
66.3000E+0	102.0000E+0	478.5795E+0	-7.1094E+0	67.3167E+0	28.4136E+0
66.4500E+0	103.0000E+0	477.1315E+0	-7.3269E+0	65.1204E+0	28.4334E+0
66.6000E+0	104.0000E+0	474.7948E+0	-7.2561E+0	65.4336E+0	28.3967E+0
66.7500E+0	105.0000E+0	473.6942E+0	-7.1661E+0	66.1025E+0	28.4082E+0
66.9000E+0	106.0000E+0	471.5588E+0	-7.0208E+0	67.1656E+0	28.4154E+0
67.0500E+0	107.0000E+0	470.5563E+0	-7.1586E+0	65.7333E+0	28.4321E+0
67.2000E+0	108.0000E+0	469.8358E+0	-7.1098E+0	66.0831E+0	28.4188E+0
67.3500E+0	109.0000E+0	470.1406E+0	-7.0720E+0	66.4794E+0	28.4326E+0
67.5000E+0	110.0000E+0	470.3558E+0	-7.1029E+0	66.2206E+0	28.4160E+0
67.6500E+0	111.0000E+0	470.1608E+0	-7.0170E+0	67.0035E+0	28.4186E+0
67.8000E+0	112.0000E+0	470.5535E+0	-6.9217E+0	67.9822E+0	28.4349E+0
67.9500E+0	113.0000E+0	470.6899E+0	-7.0143E+0	67.1048E+0	28.4374E+0
68.1000E+0	114.0000E+0	469.4301E+0	-7.0689E+0	66.4074E+0	28.4402E+0
68.2500E+0	115.0000E+0	470.0764E+0	-7.0655E+0	66.5313E+0	28.4391E+0
68.4000E+0	116.0000E+0	469.6248E+0	-7.0485E+0	66.6274E+0	28.4441E+0
68.5500E+0	117.0000E+0	468.8091E+0	-7.1236E+0	65.8108E+0	28.4334E+0
68.7000E+0	118.0000E+0	468.6421E+0	-7.0913E+0	66.0869E+0	28.4077E+0
68.8500E+0	119.0000E+0	466.4701E+0	-6.9363E+0	67.2510E+0	28.3975E+0
69.0000E+0	120.0000E+0	464.1946E+0	-7.0735E+0	65.6244E+0	28.3912E+0
69.1500E+0	121.0000E+0	463.2289E+0	-7.1185E+0	65.0739E+0	28.3812E+0
69.3000E+0	122.0000E+0	461.7899E+0	-7.1335E+0	64.7350E+0	28.3770E+0
69.4500E+0	123.0000E+0	461.2821E+0	-7.3061E+0	63.1365E+0	28.3778E+0
69.6000E+0	124.0000E+0	460.0014E+0	-7.0423E+0	65.3194E+0	28.3909E+0
69.7500E+0	125.0000E+0	459.4784E+0	-7.0147E+0	65.5022E+0	28.4058E+0
69.9000E+0	126.0000E+0	458.9701E+0	-7.0553E+0	65.0531E+0	28.3995E+0
70.0500E+0	127.0000E+0	458.8306E+0	-6.9866E+0	65.6733E+0	28.4063E+0
70.2000E+0	128.0000E+0	460.1829E+0	-7.0179E+0	65.5723E+0	28.4322E+0
70.3500E+0	129.0000E+0	461.3266E+0	-7.1358E+0	64.6496E+0	28.4467E+0
70.5000E+0	130.0000E+0	460.8220E+0	-7.0357E+0	65.4972E+0	28.4365E+0
70.6500E+0	131.0000E+0	460.1513E+0	-7.0306E+0	65.4499E+0	28.4654E+0
70.8000E+0	132.0000E+0	460.0323E+0	-7.1699E+0	64.1620E+0	28.4523E+0
70.9500E+0	133.0000E+0	459.0214E+0	-7.1666E+0	64.0499E+0	28.4518E+0
71.1000E+0	134.0000E+0	459.3532E+0	-7.1710E+0	64.0574E+0	28.4678E+0
71.2500E+0	135.0000E+0	457.0424E+0	-7.1522E+0	63.9021E+0	28.4581E+0
71.4000E+0	136.0000E+0	455.2596E+0	-7.2897E+0	62.4526E+0	28.4415E+0
71.5500E+0	137.0000E+0	454.1810E+0	-7.1343E+0	63.6612E+0	28.4436E+0
71.7000E+0	138.0000E+0	452.8097E+0	-7.1556E+0	63.2806E+0	28.4385E+0
71.8500E+0	139.0000E+0	451.5355E+0	-7.1977E+0	62.7332E+0	28.4294E+0
72.0000E+0	140.0000E+0	451.2681E+0	-7.0238E+0	64.2482E+0	28.4310E+0
72.1500E+0	141.0000E+0	450.6381E+0	-7.0726E+0	63.7163E+0	28.4112E+0
72.3000E+0	142.0000E+0	449.6465E+0	-7.1069E+0	63.2689E+0	28.4020E+0
72.4500E+0	143.0000E+0	449.2603E+0	-7.1249E+0	63.0549E+0	28.3976E+0
72.6000E+0	144.0000E+0	449.3473E+0	-6.9325E+0	64.8173E+0	28.3960E+0
72.7500E+0	145.0000E+0	449.7489E+0	-6.8311E+0	65.8389E+0	28.3824E+0
72.9000E+0	146.0000E+0	449.7297E+0	-7.0210E+0	64.0546E+0	28.3672E+0
73.0500E+0	147.0000E+0	449.2041E+0	-7.0071E+0	64.1074E+0	28.4006E+0
73.2000E+0	148.0000E+0	448.2044E+0	-7.0478E+0	63.5947E+0	28.4165E+0
73.3500E+0	149.0000E+0	448.4633E+0	-7.1644E+0	62.5962E+0	28.3884E+0
73.5000E+0	150.0000E+0	447.1577E+0	-7.1228E+0	62.7784E+0	28.3834E+0
73.6500E+0	151.0000E+0	444.3669E+0	-7.0897E+0	62.6780E+0	28.3892E+0
73.8000E+0	152.0000E+0	443.6217E+0	-7.1493E+0	62.0510E+0	28.3783E+0
73.9500E+0	153.0000E+0	442.6886E+0	-7.1590E+0	61.8363E+0	28.3847E+0
74.1000E+0	154.0000E+0	441.0413E+0	-7.1733E+0	61.4839E+0	28.3847E+0
74.2500E+0	155.0000E+0	439.8083E+0	-6.9349E+0	63.4194E+0	28.3702E+0
74.4000E+0	156.0000E+0	440.4414E+0	-7.0905E+0	62.1170E+0	28.3446E+0
74.5500E+0	157.0000E+0	441.0752E+0	-7.1500E+0	61.6892E+0	28.3735E+0
74.7000E+0	158.0000E+0	440.0347E+0	-7.0134E+0	62.7424E+0	28.3677E+0
74.8500E+0	159.0000E+0	439.7880E+0	-7.0053E+0	62.7794E+0	28.3731E+0
75.0005E+0	160.0033E+0	441.4271E+0	-7.1076E+0	62.1066E+0	28.3759E+0
75.1505E+0	161.0033E+0	440.6854E+0	-7.0306E+0	62.6809E+0	28.3638E+0
75.3005E+0	162.0033E+0	440.5587E+0	-7.0654E+0	62.3545E+0	28.3602E+0
75.4505E+0	163.0033E+0	439.9475E+0	-7.0105E+0	62.7557E+0	28.3594E+0
75.6005E+0	164.0033E+0	438.5186E+0	-7.0420E+0	62.2722E+0	28.3444E+0
75.7505E+0	165.0033E+0	436.6173E+0	-7.0643E+0	61.8058E+0	28.3233E+0
75.9005E+0	166.0033E+0	435.9490E+0	-7.0067E+0	62.2186E+0	28.3463E+0
76.0505E+0	167.0033E+0	434.2310E+0	-7.0909E+0	61.2377E+0	28.3527E+0
76.2005E+0	168.0033E+0	432.7566E+0	-7.0572E+0	61.3213E+0	28.3286E+0
76.3505E+0	169.0033E+0	431.5087E+0	-7.0346E+0	61.3410E+0	28.3423E+0
76.5005E+0	170.0033E+0	430.4130E+0	-6.9913E+0	61.5640E+0	28.3854E+0
76.6505E+0	171.0033E+0	429.8831E+0	-6.9919E+0	61.4828E+0	28.3847E+0
76.8005E+0	172.0033E+0	430.2527E+0	-6.9091E+0	62.2735E+0	28.3550E+0
76.9505E+0	173.0033E+0	429.8646E+0	-6.9722E+0	61.6538E+0	28.3618E+0
77.1005E+0	174.0033E+0	430.7518E+0	-7.0363E+0	61.2185E+0	28.3726E+0
77.2505E+0	175.0033E+0	429.5260E+0	-6.8243E+0	62.9403E+0	28.3575E+0
77.4005E+0	176.0033E+0	429.0757E+0	-6.9620E+0	61.6309E+0	28.3233E+0
77.5510E+0	177.0067E+0	429.6662E+0	-7.1053E+0	60.4709E+0	28.3740E+0
77.7005E+0	178.0033E+0	429.7993E+0	-7.1334E+0	60.2515E+0	28.3749E+0
77.8505E+0	179.0033E+0	429.4741E+0	-7.0748E+0	60.7048E+0	28.3595E+0
78.0005E+0	180.0033E+0	429.3019E+0	-7.0638E+0	60.7745E+0	28.3631E+0
78.1505E+0	181.0033E+0	428.1213E+0	-7.0982E+0	60.3138E+0	28.3808E+0
78.3005E+0	182.0033E+0	427.6554E+0	-7.1116E+0	60.1350E+0	28.3996E+0
78.4505E+0	183.0033E+0	425.6884E+0	-6.9589E+0	61.1719E+0	28.3785E+0
78.6005E+0	184.0033E+0	424.3419E+0	-7.0134E+0	60.5044E+0	28.3787E+0
78.7505E+0	185.0033E+0	423.7948E+0	-7.0420E+0	60.1807E+0	28.3889E+0
78.9005E+0	186.0033E+0	422.8667E+0	-6.9918E+0	60.4806E+0	28.3701E+0
79.0505E+0	187.0033E+0	421.8370E+0	-7.0160E+0	60.1246E+0	28.3724E+0
79.2005E+0	188.0033E+0	421.6539E+0	-7.0362E+0	59.9263E+0	28.3950E+0
79.3505E+0	189.0033E+0	422.1668E+0	-7.0842E+0	59.5927E+0	28.3800E+0
79.5005E+0	190.0033E+0	422.6716E+0	-7.0484E+0	59.9669E+0	28.3973E+0
79.6505E+0	191.0033E+0	423.1080E+0	-7.0955E+0	59.6308E+0	28.4065E+0
79.8005E+0	192.0033E+0	422.7366E+0	-7.1621E+0	59.0240E+0	28.4093E+0
79.9505E+0	193.0033E+0	423.6710E+0	-7.0877E+0	59.7758E+0	28.4413E+0
80.1005E+0	194.0033E+0	423.1540E+0	-7.1543E+0	59.1465E+0	28.4423E+0
80.2510E+0	195.0067E+0	422.3093E+0	-7.0880E+0	59.5808E+0	28.4490E+0
80.4005E+0	196.0033E+0	419.7484E+0	-7.3134E+0	57.3941E+0	28.4403E+0
80.5505E+0	197.0033E+0	419.2374E+0	-7.1198E+0	58.8835E+0	28.4458E+0
80.7005E+0	198.0033E+0	418.8130E+0	-7.0868E+0	59.0976E+0	28.4510E+0
80.8505E+0	199.0033E+0	417.9058E+0	-7.0103E+0	59.6131E+0	28.4858E+0
81.0005E+0	200.0033E+0	416.9332E+0	-7.2271E+0	57.6904E+0	28.4590E+0
81.1505E+0	201.0033E+0	415.7464E+0	-7.1178E+0	58.4091E+0	28.4558E+0
81.3005E+0	202.0033E+0	415.5467E+0	-6.9400E+0	59.8771E+0	28.4584E+0
81.4505E+0	203.0033E+0	414.3934E+0	-6.9239E+0	59.8494E+0	28.4428E+0
81.6005E+0	204.0033E+0	414.5815E+0	-6.9759E+0	59.4307E+0	28.4434E+0
81.7505E+0	205.0033E+0	414.7145E+0	-7.1255E+0	58.2016E+0	28.4321E+0
81.9005E+0	206.0033E+0	414.4450E+0	-6.9833E+0	59.3477E+0	28.4394E+0
82.0505E+0	207.0033E+0	413.7092E+0	-7.1229E+0	58.0815E+0	28.4244E+0
82.2005E+0	208.0033E+0	413.5221E+0	-7.1760E+0	57.6260E+0	28.4196E+0
82.3505E+0	209.0033E+0	414.3362E+0	-7.0324E+0	58.9181E+0	28.4394E+0
82.5005E+0	210.0033E+0	413.7516E+0	-7.0170E+0	58.9642E+0	28.4390E+0
82.6505E+0	211.0033E+0	413.1272E+0	-6.8703E+0	60.1325E+0	28.4490E+0
82.8005E+0	212.0033E+0	411.3678E+0	-7.0214E+0	58.5880E+0	28.4513E+0
82.9505E+0	213.0033E+0	409.5403E+0	-6.9332E+0	59.0695E+0	28.4148E+0
83.1005E+0	214.0033E+0	406.9698E+0	-6.9747E+0	58.3492E+0	28.4110E+0
83.2505E+0	215.0033E+0	407.0118E+0	-6.9978E+0	58.1632E+0	28.4332E+0
83.4005E+0	216.0033E+0	405.5478E+0	-6.9410E+0	58.4279E+0	28.4313E+0
83.5505E+0	217.0033E+0	404.6435E+0	-6.9754E+0	58.0101E+0	28.4327E+0
83.7005E+0	218.0033E+0	405.1930E+0	-6.8935E+0	58.7791E+0	28.4068E+0
83.8505E+0	219.0033E+0	406.4815E+0	-7.0041E+0	58.0349E+0	28.4481E+0
84.0005E+0	220.0033E+0	406.4502E+0	-6.9668E+0	58.3412E+0	28.4448E+0
84.1505E+0	221.0033E+0	405.8844E+0	-6.8103E+0	59.5987E+0	28.4606E+0
84.3005E+0	222.0033E+0	405.9955E+0	-6.8840E+0	58.9769E+0	28.4541E+0
84.4505E+0	223.0033E+0	406.4328E+0	-6.9191E+0	58.7404E+0	28.4404E+0
84.6005E+0	224.0033E+0	405.1790E+0	-6.9850E+0	58.0071E+0	28.4276E+0
84.7505E+0	225.0033E+0	404.2960E+0	-7.0628E+0	57.2427E+0	28.3999E+0
84.9005E+0	226.0033E+0	403.3505E+0	-7.0910E+0	56.8820E+0	28.3867E+0
85.0510E+0	227.0067E+0	402.4811E+0	-7.0505E+0	57.0858E+0	28.4285E+0
85.2005E+0	228.0033E+0	401.2201E+0	-7.0335E+0	57.0438E+0	28.4326E+0
85.3505E+0	229.0033E+0	400.0619E+0	-6.9759E+0	57.3494E+0	28.4042E+0
85.5005E+0	230.0033E+0	398.4919E+0	-6.9220E+0	57.5689E+0	28.3803E+0
85.6505E+0	231.0033E+0	397.9948E+0	-6.9770E+0	57.0439E+0	28.3932E+0
85.8005E+0	232.0033E+0	396.6812E+0	-6.9771E+0	56.8547E+0	28.3956E+0
85.9505E+0	233.0033E+0	396.9000E+0	-6.9859E+0	56.8146E+0	28.3991E+0
86.1005E+0	234.0033E+0	397.7936E+0	-6.8649E+0	57.9463E+0	28.4194E+0
86.2505E+0	235.0033E+0	397.7709E+0	-6.9084E+0	57.5782E+0	28.4383E+0
86.4005E+0	236.0033E+0	398.1134E+0	-6.7978E+0	58.5648E+0	28.4275E+0
86.5505E+0	237.0033E+0	398.9084E+0	-6.8732E+0	58.0381E+0	28.4250E+0
86.7005E+0	238.0033E+0	398.9389E+0	-6.9569E+0	57.3442E+0	28.4314E+0
86.8505E+0	239.0033E+0	398.1272E+0	-6.8197E+0	58.3786E+0	28.4454E+0
87.0005E+0	240.0033E+0	397.7087E+0	-7.0256E+0	56.6083E+0	28.4251E+0
87.1505E+0	241.0033E+0	397.3748E+0	-6.9509E+0	57.1685E+0	28.4486E+0
87.3005E+0	242.0033E+0	396.1968E+0	-7.0059E+0	56.5516E+0	28.4369E+0
87.4505E+0	243.0033E+0	394.7691E+0	-7.1563E+0	55.1636E+0	28.4359E+0
87.6005E+0	244.0033E+0	392.7013E+0	-6.9355E+0	56.6221E+0	28.4428E+0
87.7505E+0	245.0033E+0	391.6783E+0	-6.9813E+0	56.1042E+0	28.4380E+0
87.9005E+0	246.0033E+0	391.2497E+0	-7.0538E+0	55.4668E+0	28.4373E+0
88.0505E+0	247.0033E+0	390.0587E+0	-7.1144E+0	54.8264E+0	28.4401E+0
88.2005E+0	248.0033E+0	388.1058E+0	-7.0076E+0	55.3832E+0	28.4106E+0
88.3505E+0	249.0033E+0	388.3478E+0	-6.8940E+0	56.3316E+0	28.4165E+0
88.5005E+0	250.0033E+0	388.1578E+0	-7.0251E+0	55.2533E+0	28.4092E+0
88.6505E+0	251.0033E+0	387.7717E+0	-6.9061E+0	56.1492E+0	28.3958E+0
88.8005E+0	252.0033E+0	388.5791E+0	-6.9596E+0	55.8336E+0	28.4369E+0
88.9505E+0	253.0033E+0	389.3752E+0	-6.9799E+0	55.7855E+0	28.4565E+0
89.1005E+0	254.0033E+0	388.8016E+0	-6.8917E+0	56.4159E+0	28.4496E+0
89.2505E+0	255.0033E+0	389.2319E+0	-7.0494E+0	55.2150E+0	28.4311E+0
89.4005E+0	256.0033E+0	388.3363E+0	-7.0500E+0	55.0834E+0	28.3986E+0
89.5505E+0	257.0033E+0	388.3606E+0	-7.0372E+0	55.1870E+0	28.3893E+0
89.7005E+0	258.0033E+0	386.6338E+0	-7.1089E+0	54.3875E+0	28.4093E+0
89.8505E+0	259.0033E+0	384.8217E+0	-7.1477E+0	53.8382E+0	28.4283E+0
90.0005E+0	260.0033E+0	383.3020E+0	-7.0316E+0	54.5114E+0	28.4045E+0
90.1505E+0	261.0033E+0	382.7326E+0	-7.0254E+0	54.4787E+0	28.3930E+0
90.3005E+0	262.0033E+0	382.7084E+0	-7.0433E+0	54.3367E+0	28.4121E+0
90.4505E+0	263.0033E+0	382.3974E+0	-6.9219E+0	55.2445E+0	28.4342E+0
90.6005E+0	264.0033E+0	380.5368E+0	-6.9712E+0	54.5871E+0	28.4405E+0
90.7505E+0	265.0033E+0	381.1388E+0	-6.9957E+0	54.4822E+0	28.4393E+0
90.9005E+0	266.0033E+0	381.7111E+0	-7.1087E+0	53.6962E+0	28.4512E+0
91.0505E+0	267.0033E+0	382.9771E+0	-6.9700E+0	54.9468E+0	28.4928E+0
91.2005E+0	268.0033E+0	382.9010E+0	-6.9817E+0	54.8432E+0	28.4867E+0
91.3505E+0	269.0033E+0	382.6164E+0	-7.0822E+0	54.0247E+0	28.4693E+0
91.5005E+0	270.0033E+0	382.5233E+0	-7.1406E+0	53.5701E+0	28.4293E+0
91.6505E+0	271.0033E+0	382.6262E+0	-7.0439E+0	54.3201E+0	28.4597E+0
91.8005E+0	272.0033E+0	381.7991E+0	-7.1713E+0	53.2397E+0	28.4653E+0
91.9505E+0	273.0033E+0	380.6201E+0	-7.0881E+0	53.6984E+0	28.4777E+0
92.1005E+0	274.0033E+0	378.9298E+0	-7.0517E+0	53.7359E+0	28.4553E+0
92.2505E+0	275.0033E+0	377.5177E+0	-6.9613E+0	54.2307E+0	28.4544E+0
92.4005E+0	276.0033E+0	376.0626E+0	-7.0311E+0	53.4859E+0	28.4392E+0
92.5505E+0	277.0033E+0	375.4357E+0	-7.0324E+0	53.3868E+0	28.4409E+0
92.7005E+0	278.0033E+0	374.8931E+0	-6.9651E+0	53.8245E+0	28.4368E+0
92.8505E+0	279.0033E+0	373.8845E+0	-6.9768E+0	53.5896E+0	28.4209E+0
93.0005E+0	280.0033E+0	373.8652E+0	-6.8835E+0	54.3134E+0	28.4364E+0
93.1505E+0	281.0033E+0	374.2765E+0	-6.8808E+0	54.3943E+0	28.4410E+0
93.3005E+0	282.0033E+0	374.3598E+0	-6.8662E+0	54.5224E+0	28.4238E+0
93.4505E+0	283.0033E+0	375.0119E+0	-6.6695E+0	56.2280E+0	28.4229E+0
93.6005E+0	284.0033E+0	374.8561E+0	-6.9398E+0	54.0156E+0	28.4265E+0
93.7505E+0	285.0033E+0	374.7368E+0	-6.9553E+0	53.8780E+0	28.4256E+0
93.9005E+0	286.0033E+0	373.5333E+0	-6.9484E+0	53.7583E+0	28.4222E+0
94.0505E+0	287.0033E+0	373.1335E+0	-6.9410E+0	53.7581E+0	28.4315E+0
94.2005E+0	288.0033E+0	372.6893E+0	-7.0630E+0	52.7665E+0	28.4214E+0
94.3505E+0	289.0033E+0	370.5470E+0	-6.9513E+0	53.3060E+0	28.4301E+0
94.5005E+0	290.0033E+0	369.3212E+0	-6.8693E+0	53.7637E+0	28.3998E+0
94.6505E+0	291.0033E+0	368.5406E+0	-6.9779E+0	52.8156E+0	28.4291E+0
94.8005E+0	292.0033E+0	367.6423E+0	-7.0338E+0	52.2678E+0	28.4201E+0
94.9505E+0	293.0033E+0	367.0826E+0	-7.0613E+0	51.9852E+0	28.4264E+0
95.1005E+0	294.0033E+0	366.9317E+0	-6.8573E+0	53.5098E+0	28.4093E+0
95.2505E+0	295.0033E+0	365.8074E+0	-6.8984E+0	53.0276E+0	28.4048E+0
95.4005E+0	296.0033E+0	366.9084E+0	-6.7806E+0	54.1111E+0	28.4417E+0
95.5505E+0	297.0033E+0	367.5346E+0	-6.7812E+0	54.1988E+0	28.4421E+0
95.7005E+0	298.0033E+0	367.8590E+0	-6.8552E+0	53.6611E+0	28.4459E+0
95.8505E+0	299.0033E+0	368.6624E+0	-6.9254E+0	53.2336E+0	28.4491E+0
96.0005E+0	300.0033E+0	368.7063E+0	-6.9931E+0	52.7243E+0	28.4631E+0
96.1505E+0	301.0033E+0	368.3194E+0	-6.9772E+0	52.7890E+0	28.4672E+0
96.3005E+0	302.0033E+0	367.6855E+0	-7.0570E+0	52.1023E+0	28.4755E+0
96.4505E+0	303.0033E+0	367.4283E+0	-7.0469E+0	52.1404E+0	28.4747E+0
96.6005E+0	304.0033E+0	366.5529E+0	-7.0414E+0	52.0565E+0	28.4742E+0
96.7505E+0	305.0033E+0	364.7928E+0	-6.9214E+0	52.7053E+0	28.4756E+0
96.9005E+0	306.0033E+0	364.2719E+0	-6.8420E+0	53.2407E+0	28.5060E+0
97.0505E+0	307.0033E+0	362.6450E+0	-6.8821E+0	52.6937E+0	28.5042E+0
97.2005E+0	308.0033E+0	361.8669E+0	-7.0020E+0	51.6805E+0	28.5080E+0
97.3505E+0	309.0033E+0	361.2602E+0	-6.9577E+0	51.9223E+0	28.4929E+0
97.5005E+0	310.0033E+0	361.2851E+0	-6.8638E+0	52.6361E+0	28.5084E+0
97.6505E+0	311.0033E+0	361.1669E+0	-6.9219E+0	52.1775E+0	28.5277E+0
97.8005E+0	312.0033E+0	361.9510E+0	-6.9361E+0	52.1838E+0	28.5349E+0
97.9505E+0	313.0033E+0	362.0328E+0	-6.9119E+0	52.3786E+0	28.5275E+0
98.1005E+0	314.0033E+0	362.2865E+0	-6.9046E+0	52.4703E+0	28.5485E+0
98.2505E+0	315.0033E+0	363.2323E+0	-6.9813E+0	52.0293E+0	28.5540E+0
98.4005E+0	316.0033E+0	362.6552E+0	-7.0219E+0	51.6465E+0	28.5363E+0
98.5505E+0	317.0033E+0	361.1779E+0	-6.9074E+0	52.2885E+0	28.5325E+0
98.7005E+0	318.0033E+0	361.4211E+0	-6.9903E+0	51.7030E+0	28.5570E+0
98.8505E+0	319.0033E+0	360.5736E+0	-7.1249E+0	50.6077E+0	28.5435E+0
99.0005E+0	320.0033E+0	359.3119E+0	-7.0885E+0	50.6896E+0	28.5356E+0
99.1505E+0	321.0033E+0	357.7632E+0	-6.9471E+0	51.4980E+0	28.5406E+0
99.3005E+0	322.0033E+0	357.0115E+0	-6.9141E+0	51.6353E+0	28.5329E+0
99.4505E+0	323.0033E+0	355.4842E+0	-7.0689E+0	50.2881E+0	28.5083E+0
99.6005E+0	324.0033E+0	354.8285E+0	-6.9506E+0	51.0501E+0	28.5006E+0
99.7505E+0	325.0033E+0	353.3854E+0	-6.8428E+0	51.6434E+0	28.5087E+0
99.9005E+0	326.0033E+0	353.2525E+0	-6.9134E+0	51.0966E+0	28.5164E+0
100.0505E+0	327.0033E+0	352.8307E+0	-6.8723E+0	51.3412E+0	28.4994E+0
100.2005E+0	328.0033E+0	353.6682E+0	-6.8948E+0	51.2950E+0	28.4903E+0
100.3505E+0	329.0033E+0	354.4107E+0	-6.9394E+0	51.0723E+0	28.5012E+0
100.5005E+0	330.0033E+0	353.4865E+0	-6.9852E+0	50.6050E+0	28.4972E+0
100.6505E+0	331.0033E+0	353.8434E+0	-6.9877E+0	50.6378E+0	28.4900E+0
100.8005E+0	332.0033E+0	353.5791E+0	-6.9924E+0	50.5664E+0	28.5244E+0
100.9505E+0	333.0033E+0	353.4583E+0	-6.9133E+0	51.1270E+0	28.5083E+0
101.1005E+0	334.0033E+0	351.7266E+0	-6.9960E+0	50.2755E+0	28.4569E+0
101.2505E+0	335.0033E+0	350.3552E+0	-7.0061E+0	50.0070E+0	28.4337E+0
101.4005E+0	336.0033E+0	349.9136E+0	-6.9731E+0	50.1808E+0	28.4461E+0
101.5505E+0	337.0033E+0	348.1910E+0	-6.9926E+0	49.7945E+0	28.4517E+0
101.7005E+0	338.0033E+0	347.2246E+0	-7.0164E+0	49.4873E+0	28.4619E+0
101.8505E+0	339.0033E+0	346.5055E+0	-6.9971E+0	49.5216E+0	28.4445E+0
102.0005E+0	340.0033E+0	346.2036E+0	-7.0671E+0	48.9883E+0	28.4615E+0
102.1505E+0	341.0033E+0	346.8138E+0	-6.9498E+0	49.9024E+0	28.4760E+0
102.3005E+0	342.0033E+0	345.6614E+0	-6.9462E+0	49.7628E+0	28.4208E+0
102.4505E+0	343.0033E+0	346.5845E+0	-6.9292E+0	50.0182E+0	28.4340E+0
102.6005E+0	344.0033E+0	347.1347E+0	-6.8979E+0	50.3245E+0	28.4557E+0
102.7505E+0	345.0033E+0	347.2607E+0	-7.1056E+0	48.8714E+0	28.4224E+0
102.9005E+0	346.0033E+0	346.9680E+0	-7.0277E+0	49.3715E+0	28.4419E+0
103.0505E+0	347.0033E+0	346.4167E+0	-7.0415E+0	49.1961E+0	28.4423E+0
103.2005E+0	348.0033E+0	346.2097E+0	-6.9742E+0	49.6417E+0	28.4428E+0
103.3505E+0	349.0033E+0	344.4115E+0	-6.9691E+0	49.4196E+0	28.4342E+0
103.5005E+0	350.0033E+0	343.1123E+0	-6.9642E+0	49.2678E+0	28.4099E+0
103.6505E+0	351.0033E+0	342.9893E+0	-6.8739E+0	49.8971E+0	28.4273E+0
103.8005E+0	352.0033E+0	342.3151E+0	-7.0310E+0	48.6864E+0	28.4207E+0
103.9505E+0	353.0033E+0	340.9928E+0	-7.0085E+0	48.6542E+0	28.4076E+0
104.1005E+0	354.0033E+0	339.4154E+0	-6.8014E+0	49.9039E+0	28.4294E+0
104.2505E+0	355.0033E+0	338.5523E+0	-6.7924E+0	49.8426E+0	28.4412E+0
104.4005E+0	356.0033E+0	338.7579E+0	-6.8933E+0	49.1431E+0	28.4130E+0
104.5505E+0	357.0033E+0	338.0778E+0	-6.7852E+0	49.8260E+0	28.4023E+0
104.7005E+0	358.0033E+0	337.6631E+0	-6.7197E+0	50.2494E+0	28.4028E+0
104.8505E+0	359.0033E+0	338.5770E+0	-6.8352E+0	49.5340E+0	28.4148E+0
105.0005E+0	360.0033E+0	338.7665E+0	-6.7728E+0	50.0190E+0	28.4291E+0
105.1505E+0	361.0033E+0	339.3328E+0	-6.9233E+0	49.0130E+0	28.4329E+0
105.3005E+0	362.0033E+0	339.2988E+0	-6.7120E+0	50.5509E+0	28.4356E+0
105.4505E+0	363.0033E+0	339.0677E+0	-6.8875E+0	49.2291E+0	28.4341E+0
105.6005E+0	364.0033E+0	338.7970E+0	-6.7749E+0	50.0073E+0	28.4296E+0
105.7505E+0	365.0033E+0	337.3387E+0	-6.7338E+0	50.0962E+0	28.4272E+0
105.9005E+0	366.0033E+0	336.5495E+0	-6.9350E+0	48.5295E+0	28.4170E+0
106.0505E+0	367.0033E+0	335.8261E+0	-6.8150E+0	49.2778E+0	28.4227E+0
106.2005E+0	368.0033E+0	334.1791E+0	-6.7917E+0	49.2037E+0	28.4364E+0
106.3505E+0	369.0033E+0	332.8687E+0	-6.8371E+0	48.6855E+0	28.4234E+0
106.5005E+0	370.0033E+0	331.9342E+0	-6.7999E+0	48.8148E+0	28.4257E+0
106.6505E+0	371.0033E+0	332.1848E+0	-6.9058E+0	48.1025E+0	28.4348E+0
106.8005E+0	372.0033E+0	332.3936E+0	-6.7574E+0	49.1897E+0	28.4497E+0
106.9505E+0	373.0033E+0	331.3654E+0	-6.7468E+0	49.1148E+0	28.3878E+0
107.1005E+0	374.0033E+0	332.3038E+0	-6.9003E+0	48.1326E+0	28.4009E+0
107.2505E+0	375.0033E+0	333.5171E+0	-6.9371E+0	48.0775E+0	28.4179E+0
107.4005E+0	376.0033E+0	333.3843E+0	-6.8041E+0	48.9977E+0	28.4330E+0
107.5505E+0	377.0033E+0	333.4675E+0	-6.7332E+0	49.5262E+0	28.4517E+0
107.7005E+0	378.0033E+0	333.4890E+0	-6.8807E+0	48.4672E+0	28.4541E+0
107.8505E+0	379.0033E+0	333.0183E+0	-6.9560E+0	47.8749E+0	28.4348E+0
108.0005E+0	380.0033E+0	332.1590E+0	-6.9013E+0	48.1297E+0	28.4291E+0
108.1505E+0	381.0033E+0	330.7332E+0	-6.9481E+0	47.6002E+0	28.4186E+0
108.3005E+0	382.0033E+0	329.8729E+0	-6.8312E+0	48.2894E+0	28.4372E+0
108.4505E+0	383.0033E+0	329.5523E+0	-6.8735E+0	47.9455E+0	28.4496E+0
108.6005E+0	384.0033E+0	329.1889E+0	-6.8258E+0	48.2271E+0	28.4741E+0
108.7505E+0	385.0033E+0	329.1788E+0	-7.0064E+0	46.9828E+0	28.4932E+0
108.9005E+0	386.0033E+0	328.6576E+0	-7.0218E+0	46.8050E+0	28.5154E+0
109.0505E+0	387.0033E+0	327.2237E+0	-6.8852E+0	47.5257E+0	28.5018E+0
109.2005E+0	388.0033E+0	328.3341E+0	-6.8918E+0	47.6414E+0	28.5235E+0
109.3505E+0	389.0033E+0	329.2590E+0	-6.8642E+0	47.9675E+0	28.5321E+0
109.5005E+0	390.0033E+0	329.8051E+0	-6.9660E+0	47.3447E+0	28.5521E+0
109.6505E+0	391.0033E+0	329.0856E+0	-6.9977E+0	47.0278E+0	28.5322E+0
109.8005E+0	392.0033E+0	328.7707E+0	-6.9215E+0	47.4997E+0	28.5232E+0
109.9505E+0	393.0033E+0	328.5107E+0	-6.9098E+0	47.5429E+0	28.5078E+0
110.1005E+0	394.0033E+0	328.4215E+0	-6.7728E+0	48.4915E+0	28.5009E+0
110.2505E+0	395.0033E+0	327.1156E+0	-6.9031E+0	47.3870E+0	28.4740E+0
110.4005E+0	396.0033E+0	326.5238E+0	-6.9051E+0	47.2875E+0	28.5105E+0
110.5505E+0	397.0033E+0	325.1076E+0	-7.0432E+0	46.1594E+0	28.5039E+0
110.7005E+0	398.0033E+0	323.9303E+0	-6.9186E+0	46.8204E+0	28.5063E+0
110.8505E+0	399.0033E+0	323.1800E+0	-6.8809E+0	46.9680E+0	28.4962E+0
111.0005E+0	400.0033E+0	322.7375E+0	-6.7690E+0	47.6784E+0	28.5011E+0
111.1505E+0	401.0033E+0	322.1578E+0	-6.8279E+0	47.1824E+0	28.5109E+0
111.3005E+0	402.0033E+0	320.9499E+0	-6.9725E+0	46.0309E+0	28.4572E+0
111.4505E+0	403.0033E+0	320.2708E+0	-6.9132E+0	46.3274E+0	28.4335E+0
111.6005E+0	404.0033E+0	320.8684E+0	-6.8763E+0	46.6632E+0	28.4712E+0
111.7505E+0	405.0033E+0	321.7325E+0	-6.9551E+0	46.2588E+0	28.4803E+0
111.9005E+0	406.0033E+0	321.8108E+0	-6.9268E+0	46.4590E+0	28.4956E+0
112.0505E+0	407.0033E+0	322.0797E+0	-6.8936E+0	46.7213E+0	28.4842E+0
112.2005E+0	408.0033E+0	321.8806E+0	-6.9059E+0	46.6092E+0	28.4860E+0
112.3505E+0	409.0033E+0	321.1565E+0	-6.8653E+0	46.7796E+0	28.4744E+0
112.5005E+0	410.0033E+0	321.2296E+0	-6.8265E+0	47.0563E+0	28.4719E+0
112.6505E+0	411.0033E+0	319.7599E+0	-6.8854E+0	46.4401E+0	28.4872E+0
112.8005E+0	412.0033E+0	318.7497E+0	-6.9696E+0	45.7342E+0	28.4935E+0
112.9505E+0	413.0033E+0	317.5537E+0	-6.7097E+0	47.3274E+0	28.4802E+0
113.1005E+0	414.0033E+0	316.4690E+0	-6.8473E+0	46.2183E+0	28.4776E+0
113.2505E+0	415.0033E+0	315.4127E+0	-6.8215E+0	46.2381E+0	28.4545E+0
113.4005E+0	416.0033E+0	315.5277E+0	-6.8661E+0	45.9547E+0	28.4648E+0
113.5505E+0	417.0033E+0	314.6170E+0	-6.8819E+0	45.7168E+0	28.4858E+0
113.7005E+0	418.0033E+0	313.8461E+0	-6.8444E+0	45.8542E+0	28.4930E+0
113.8505E+0	419.0033E+0	314.1584E+0	-6.7759E+0	46.3643E+0	28.5146E+0
114.0005E+0	420.0033E+0	315.3755E+0	-6.9201E+0	45.5741E+0	28.5213E+0
114.1505E+0	421.0033E+0	315.1796E+0	-6.9413E+0	45.4064E+0	28.5002E+0
114.3005E+0	422.0033E+0	316.0078E+0	-6.8482E+0	46.1450E+0	28.4918E+0
114.4505E+0	423.0033E+0	315.4513E+0	-6.8320E+0	46.1726E+0	28.4810E+0
114.6005E+0	424.0033E+0	315.0869E+0	-6.9126E+0	45.5815E+0	28.4699E+0
114.7505E+0	425.0033E+0	314.2282E+0	-6.8998E+0	45.5419E+0	28.4554E+0
114.9005E+0	426.0033E+0	313.3256E+0	-6.8953E+0	45.4407E+0	28.4574E+0
115.0505E+0	427.0033E+0	312.1593E+0	-6.8830E+0	45.3525E+0	28.4535E+0
115.2005E+0	428.0033E+0	311.0577E+0	-6.9305E+0	44.8825E+0	28.4645E+0
115.3505E+0	429.0033E+0	310.6055E+0	-6.8277E+0	45.4918E+0	28.4755E+0
115.5005E+0	430.0033E+0	310.1936E+0	-6.8586E+0	45.2267E+0	28.4865E+0
115.6505E+0	431.0033E+0	308.6659E+0	-6.7820E+0	45.5127E+0	28.4993E+0
115.8005E+0	432.0033E+0	308.2199E+0	-6.7068E+0	45.9562E+0	28.4627E+0
115.9505E+0	433.0033E+0	308.6726E+0	-6.6263E+0	46.5829E+0	28.4980E+0
116.1005E+0	434.0033E+0	308.8552E+0	-6.6794E+0	46.2401E+0	28.5306E+0
116.2505E+0	435.0033E+0	309.6397E+0	-6.8149E+0	45.4358E+0	28.5419E+0
116.4005E+0	436.0033E+0	310.1708E+0	-6.9187E+0	44.8307E+0	28.5355E+0
116.5505E+0	437.0033E+0	309.4516E+0	-6.7711E+0	45.7017E+0	28.5226E+0
116.7005E+0	438.0033E+0	309.9366E+0	-6.8610E+0	45.1737E+0	28.5242E+0
116.8505E+0	439.0033E+0	310.0666E+0	-6.9203E+0	44.8052E+0	28.5116E+0
117.0005E+0	440.0033E+0	309.2460E+0	-6.7523E+0	45.7989E+0	28.5194E+0
117.1505E+0	441.0033E+0	308.1559E+0	-6.9353E+0	44.4332E+0	28.5096E+0
117.3005E+0	442.0033E+0	307.7561E+0	-6.8153E+0	45.1564E+0	28.5019E+0
117.4505E+0	443.0033E+0	306.1564E+0	-6.6480E+0	46.0523E+0	28.4858E+0
117.6005E+0	444.0033E+0	305.7272E+0	-6.6585E+0	45.9150E+0	28.5150E+0
117.7505E+0	445.0033E+0	303.8788E+0	-6.8100E+0	44.6228E+0	28.4944E+0
117.9005E+0	446.0033E+0	303.5005E+0	-6.7601E+0	44.8958E+0	28.4916E+0
118.0505E+0	447.0033E+0	302.6733E+0	-6.6372E+0	45.6029E+0	28.4819E+0
118.2005E+0	448.0033E+0	302.8350E+0	-6.7457E+0	44.8931E+0	28.5023E+0
118.3505E+0	449.0033E+0	302.8269E+0	-6.8147E+0	44.4375E+0	28.4861E+0
118.5005E+0	450.0033E+0	302.7260E+0	-6.8048E+0	44.4870E+0	28.4884E+0
118.6505E+0	451.0033E+0	303.1286E+0	-6.6706E+0	45.4427E+0	28.4564E+0
118.8005E+0	452.0033E+0	302.9954E+0	-6.6993E+0	45.2279E+0	28.4420E+0
118.9505E+0	453.0033E+0	302.6684E+0	-6.8272E+0	44.3325E+0	28.4487E+0
119.1005E+0	454.0033E+0	302.9303E+0	-6.8593E+0	44.1633E+0	28.4713E+0
119.2505E+0	455.0033E+0	304.5021E+0	-6.7955E+0	44.8093E+0	28.4892E+0
119.4005E+0	456.0033E+0	303.3948E+0	-6.6310E+0	45.7539E+0	28.4999E+0
119.5505E+0	457.0033E+0	302.2203E+0	-6.7027E+0	45.0895E+0	28.5211E+0
119.7005E+0	458.0033E+0	301.7204E+0	-6.8455E+0	44.0757E+0	28.5243E+0
119.8505E+0	459.0033E+0	301.1440E+0	-6.9257E+0	43.4821E+0	28.5283E+0
120.0005E+0	460.0033E+0	299.9606E+0	-6.8035E+0	44.0893E+0	28.5354E+0
120.1505E+0	461.0033E+0	298.3892E+0	-6.7706E+0	44.0711E+0	28.5146E+0
120.3005E+0	462.0033E+0	298.4845E+0	-6.8385E+0	43.6474E+0	28.5030E+0
120.4505E+0	463.0033E+0	297.6551E+0	-6.9003E+0	43.1364E+0	28.5016E+0
120.6005E+0	464.0033E+0	298.0824E+0	-6.7504E+0	44.1574E+0	28.5219E+0
120.7505E+0	465.0033E+0	298.2359E+0	-6.7399E+0	44.2495E+0	28.5351E+0
120.9005E+0	466.0033E+0	298.3413E+0	-6.9031E+0	43.2182E+0	28.5198E+0
121.0505E+0	467.0033E+0	298.3636E+0	-6.8291E+0	43.6901E+0	28.5119E+0
121.2005E+0	468.0033E+0	297.5085E+0	-6.8081E+0	43.6992E+0	28.4863E+0
121.3505E+0	469.0033E+0	297.9442E+0	-6.8548E+0	43.4649E+0	28.4975E+0
121.5005E+0	470.0033E+0	298.1419E+0	-6.8080E+0	43.7930E+0	28.5014E+0
121.6505E+0	471.0033E+0	297.9548E+0	-6.9003E+0	43.1800E+0	28.5076E+0
121.8005E+0	472.0033E+0	297.2117E+0	-6.9083E+0	43.0227E+0	28.4937E+0
121.9505E+0	473.0033E+0	295.5574E+0	-6.9499E+0	42.5266E+0	28.4919E+0
122.1005E+0	474.0033E+0	294.9187E+0	-6.8008E+0	43.3651E+0	28.5085E+0
122.2505E+0	475.0033E+0	293.8190E+0	-6.9369E+0	42.3562E+0	28.5164E+0
122.4005E+0	476.0033E+0	293.9239E+0	-6.8771E+0	42.7393E+0	28.5047E+0
122.5505E+0	477.0033E+0	292.8910E+0	-6.9270E+0	42.2826E+0	28.4866E+0
122.7005E+0	478.0033E+0	292.1652E+0	-6.7759E+0	43.1180E+0	28.5025E+0
122.8505E+0	479.0033E+0	290.6115E+0	-6.6618E+0	43.6233E+0	28.4986E+0
123.0005E+0	480.0033E+0	289.6159E+0	-6.7168E+0	43.1179E+0	28.4613E+0
123.1505E+0	481.0033E+0	291.3112E+0	-6.7360E+0	43.2468E+0	28.4518E+0
123.3005E+0	482.0033E+0	292.1840E+0	-6.8919E+0	42.3951E+0	28.4837E+0
123.4505E+0	483.0033E+0	292.3186E+0	-7.0900E+0	41.2295E+0	28.4817E+0
123.6005E+0	484.0033E+0	292.7220E+0	-6.8800E+0	42.5468E+0	28.4907E+0
123.7505E+0	485.0033E+0	291.7639E+0	-6.8210E+0	42.7745E+0	28.4874E+0
123.9005E+0	486.0033E+0	291.4572E+0	-6.8938E+0	42.2783E+0	28.4818E+0
124.0505E+0	487.0033E+0	291.5231E+0	-6.8791E+0	42.3782E+0	28.4814E+0
124.2005E+0	488.0033E+0	291.2237E+0	-6.8139E+0	42.7394E+0	28.5202E+0
124.3505E+0	489.0033E+0	291.1526E+0	-6.8048E+0	42.7861E+0	28.5385E+0
124.5005E+0	490.0033E+0	290.0470E+0	-6.8134E+0	42.5703E+0	28.5298E+0
124.6505E+0	491.0033E+0	288.7722E+0	-6.7014E+0	43.0911E+0	28.5200E+0
124.8005E+0	492.0033E+0	288.3267E+0	-6.8144E+0	42.3115E+0	28.5404E+0
124.9505E+0	493.0033E+0	288.1828E+0	-6.8677E+0	41.9619E+0	28.5397E+0
125.1010E+0	494.0067E+0	287.4293E+0	-6.6813E+0	43.0199E+0	28.5335E+0
125.2510E+0	495.0067E+0	286.6978E+0	-6.7235E+0	42.6412E+0	28.5275E+0
125.4010E+0	496.0067E+0	285.9693E+0	-6.7059E+0	42.6442E+0	28.4964E+0
125.5510E+0	497.0067E+0	286.2961E+0	-6.8658E+0	41.6988E+0	28.5021E+0
125.7010E+0	498.0067E+0	287.3455E+0	-6.8022E+0	42.2429E+0	28.4856E+0
125.8510E+0	499.0067E+0	287.6430E+0	-6.9343E+0	41.4812E+0	28.5068E+0
126.0010E+0	500.0067E+0	287.7706E+0	-6.8107E+0	42.2524E+0	28.5046E+0
126.1510E+0	501.0067E+0	286.9899E+0	-6.7364E+0	42.6029E+0	28.4964E+0
126.3010E+0	502.0067E+0	286.9598E+0	-6.8251E+0	42.0445E+0	28.5011E+0
126.4510E+0	503.0067E+0	285.8720E+0	-6.9059E+0	41.3953E+0	28.4657E+0
126.6010E+0	504.0067E+0	284.7745E+0	-6.8132E+0	41.7972E+0	28.4776E+0
126.7510E+0	505.0067E+0	283.8549E+0	-6.8526E+0	41.4232E+0	28.4759E+0
126.9010E+0	506.0067E+0	282.1785E+0	-6.7624E+0	41.7278E+0	28.4613E+0
127.0510E+0	507.0067E+0	281.6912E+0	-6.8011E+0	41.4184E+0	28.4615E+0
127.2010E+0	508.0067E+0	281.9032E+0	-6.8664E+0	41.0552E+0	28.4913E+0
127.3510E+0	509.0067E+0	281.4058E+0	-6.7871E+0	41.4618E+0	28.4847E+0
127.5010E+0	510.0067E+0	280.3182E+0	-6.6720E+0	42.0143E+0	28.4688E+0
127.6510E+0	511.0067E+0	280.4074E+0	-6.7166E+0	41.7486E+0	28.4794E+0
127.8010E+0	512.0067E+0	280.7363E+0	-6.7001E+0	41.9006E+0	28.4746E+0
127.9510E+0	513.0067E+0	280.5384E+0	-6.7853E+0	41.3448E+0	28.4904E+0
128.1010E+0	514.0067E+0	281.0462E+0	-6.6467E+0	42.2834E+0	28.4977E+0
128.2510E+0	515.0067E+0	281.5277E+0	-6.7504E+0	41.7053E+0	28.4945E+0
128.4010E+0	516.0067E+0	281.4291E+0	-6.7122E+0	41.9282E+0	28.4758E+0
128.5510E+0	517.0067E+0	280.9775E+0	-6.7479E+0	41.6389E+0	28.4943E+0
128.7010E+0	518.0067E+0	280.7397E+0	-6.6949E+0	41.9335E+0	28.5130E+0
128.8510E+0	519.0067E+0	279.6057E+0	-6.6352E+0	42.1395E+0	28.5117E+0
129.0010E+0	520.0067E+0	280.1331E+0	-6.7340E+0	41.6000E+0	28.5266E+0
129.1510E+0	521.0067E+0	278.8564E+0	-6.7444E+0	41.3463E+0	28.4961E+0
129.3010E+0	522.0067E+0	277.7199E+0	-6.6463E+0	41.7858E+0	28.5075E+0
129.4510E+0	523.0067E+0	276.9655E+0	-6.6176E+0	41.8526E+0	28.5298E+0
129.6010E+0	524.0067E+0	276.0390E+0	-6.8288E+0	40.4228E+0	28.5291E+0
129.7510E+0	525.0067E+0	275.5929E+0	-6.8515E+0	40.2238E+0	28.5096E+0
129.9010E+0	526.0067E+0	275.8234E+0	-6.8161E+0	40.4666E+0	28.4972E+0
130.0510E+0	527.0067E+0	276.3760E+0	-6.7816E+0	40.7538E+0	28.5332E+0
130.2010E+0	528.0067E+0	277.2764E+0	-6.8097E+0	40.7180E+0	28.5397E+0
130.3510E+0	529.0067E+0	277.9748E+0	-6.7408E+0	41.2377E+0	28.5408E+0
130.5010E+0	530.0067E+0	278.7044E+0	-6.7570E+0	41.2465E+0	28.5475E+0
130.6510E+0	531.0067E+0	278.4623E+0	-6.7952E+0	40.9791E+0	28.5604E+0
130.8010E+0	532.0067E+0	277.9705E+0	-6.8149E+0	40.7885E+0	28.5747E+0
130.9510E+0	533.0067E+0	277.1239E+0	-6.9814E+0	39.6943E+0	28.5651E+0
131.1010E+0	534.0067E+0	276.5231E+0	-6.9048E+0	40.0482E+0	28.5571E+0
131.2510E+0	535.0067E+0	273.9940E+0	-6.9089E+0	39.6583E+0	28.5284E+0
131.4010E+0	536.0067E+0	272.7693E+0	-6.8399E+0	39.8792E+0	28.5388E+0
131.5510E+0	537.0067E+0	272.5232E+0	-6.8682E+0	39.6792E+0	28.5320E+0
131.7010E+0	538.0067E+0	272.3071E+0	-6.7394E+0	40.4050E+0	28.5570E+0
131.8510E+0	539.0067E+0	272.1409E+0	-6.7235E+0	40.4763E+0	28.5406E+0
132.0010E+0	540.0067E+0	272.0619E+0	-6.7929E+0	40.0509E+0	28.5500E+0
132.1510E+0	541.0067E+0	271.4473E+0	-6.7444E+0	40.2478E+0	28.5700E+0
132.3010E+0	542.0067E+0	272.1178E+0	-6.8385E+0	39.7920E+0	28.5653E+0
132.4510E+0	543.0067E+0	272.4123E+0	-6.9125E+0	39.4087E+0	28.5731E+0
132.6010E+0	544.0067E+0	272.0654E+0	-6.8126E+0	39.9356E+0	28.5637E+0
132.7510E+0	545.0067E+0	273.0152E+0	-6.8689E+0	39.7467E+0	28.5585E+0
132.9010E+0	546.0067E+0	272.4724E+0	-6.8397E+0	39.8367E+0	28.5509E+0
133.0510E+0	547.0067E+0	272.5623E+0	-6.9306E+0	39.3272E+0	28.5601E+0
133.2010E+0	548.0067E+0	272.2726E+0	-6.8406E+0	39.8026E+0	28.5813E+0
133.3510E+0	549.0067E+0	271.7324E+0	-6.9685E+0	38.9943E+0	28.5687E+0
133.5010E+0	550.0067E+0	270.9114E+0	-7.0457E+0	38.4508E+0	28.5697E+0
133.6510E+0	551.0067E+0	269.5779E+0	-7.0451E+0	38.2644E+0	28.5728E+0
133.8010E+0	552.0067E+0	268.3451E+0	-7.0310E+0	38.1659E+0	28.5992E+0
133.9510E+0	553.0067E+0	267.9084E+0	-6.9279E+0	38.6710E+0	28.5954E+0
134.1010E+0	554.0067E+0	266.9992E+0	-6.9170E+0	38.6004E+0	28.5893E+0
134.2510E+0	555.0067E+0	266.0357E+0	-6.8485E+0	38.8458E+0	28.5802E+0
134.4010E+0	556.0067E+0	265.8933E+0	-6.8794E+0	38.6506E+0	28.5638E+0
134.5510E+0	557.0067E+0	266.3389E+0	-6.9345E+0	38.4079E+0	28.5616E+0
134.7010E+0	558.0067E+0	267.3303E+0	-6.8584E+0	38.9784E+0	28.5845E+0
134.8510E+0	559.0067E+0	268.2718E+0	-6.7280E+0	39.8737E+0	28.6054E+0
135.0010E+0	560.0067E+0	268.3186E+0	-6.7914E+0	39.5084E+0	28.5802E+0
135.1510E+0	561.0067E+0	267.8279E+0	-6.7908E+0	39.4399E+0	28.5539E+0
135.3010E+0	562.0067E+0	267.9210E+0	-6.8471E+0	39.1294E+0	28.5524E+0
135.4510E+0	563.0067E+0	267.9628E+0	-7.0119E+0	38.2155E+0	28.5578E+0
135.6010E+0	564.0067E+0	267.5216E+0	-6.9909E+0	38.2669E+0	28.5681E+0
135.7510E+0	565.0067E+0	266.0306E+0	-6.8058E+0	39.0885E+0	28.5854E+0
135.9010E+0	566.0067E+0	263.5456E+0	-6.8025E+0	38.7423E+0	28.5749E+0
136.0510E+0	567.0067E+0	263.7222E+0	-6.8262E+0	38.6341E+0	28.5615E+0
136.2010E+0	568.0067E+0	261.8336E+0	-6.9116E+0	37.8835E+0	28.5485E+0
136.3510E+0	569.0067E+0	261.4537E+0	-6.9631E+0	37.5487E+0	28.5516E+0
136.5010E+0	570.0067E+0	261.5645E+0	-6.9282E+0	37.7535E+0	28.5575E+0
136.6510E+0	571.0067E+0	260.6907E+0	-6.8578E+0	38.0139E+0	28.5884E+0
136.8010E+0	572.0067E+0	260.7810E+0	-6.8609E+0	38.0097E+0	28.5931E+0
136.9510E+0	573.0067E+0	260.9438E+0	-6.7954E+0	38.4002E+0	28.5970E+0
137.1010E+0	574.0067E+0	262.8440E+0	-6.7850E+0	38.7391E+0	28.6008E+0
137.2510E+0	575.0067E+0	262.5542E+0	-6.9156E+0	37.9655E+0	28.5933E+0
137.4010E+0	576.0067E+0	262.6037E+0	-6.8164E+0	38.5253E+0	28.5989E+0
137.5510E+0	577.0067E+0	264.1635E+0	-6.8040E+0	38.8246E+0	28.6067E+0
137.7010E+0	578.0067E+0	263.7641E+0	-6.8607E+0	38.4458E+0	28.6121E+0
137.8510E+0	579.0067E+0	262.8838E+0	-6.8155E+0	38.5712E+0	28.6300E+0
138.0010E+0	580.0067E+0	261.3653E+0	-6.8740E+0	38.0225E+0	28.6285E+0
138.1510E+0	581.0067E+0	261.5739E+0	-6.9200E+0	37.7996E+0	28.6496E+0
138.3010E+0	582.0067E+0	260.3814E+0	-6.8429E+0	38.0515E+0	28.6572E+0
138.4510E+0	583.0067E+0	259.5753E+0	-6.7602E+0	38.3978E+0	28.6389E+0
138.6010E+0	584.0067E+0	258.7144E+0	-6.8734E+0	37.6402E+0	28.6874E+0
138.7510E+0	585.0067E+0	257.2955E+0	-6.7016E+0	38.3930E+0	28.6880E+0
138.9010E+0	586.0067E+0	257.5823E+0	-6.9579E+0	37.0203E+0	28.6826E+0
139.0510E+0	587.0067E+0	256.8941E+0	-6.7292E+0	38.1758E+0	28.6807E+0
139.2010E+0	588.0067E+0	256.8229E+0	-6.8143E+0	37.6890E+0	28.6684E+0
139.3510E+0	589.0067E+0	256.5046E+0	-6.7855E+0	37.8017E+0	28.6581E+0
139.5010E+0	590.0067E+0	258.2447E+0	-6.8345E+0	37.7856E+0	28.6853E+0
139.6510E+0	591.0067E+0	259.5745E+0	-6.7942E+0	38.2053E+0	28.7015E+0
139.8010E+0	592.0067E+0	259.9364E+0	-7.0057E+0	37.1037E+0	28.6883E+0
139.9510E+0	593.0067E+0	258.2995E+0	-6.8653E+0	37.6240E+0	28.6691E+0
140.1010E+0	594.0067E+0	258.8153E+0	-6.9134E+0	37.4366E+0	28.6673E+0
140.2510E+0	595.0067E+0	258.3003E+0	-6.9087E+0	37.3876E+0	28.6633E+0
140.4010E+0	596.0067E+0	256.7689E+0	-6.8812E+0	37.3148E+0	28.6626E+0
140.5510E+0	597.0067E+0	255.2936E+0	-6.8297E+0	37.3798E+0	28.6670E+0
140.7010E+0	598.0067E+0	253.9734E+0	-6.7969E+0	37.3663E+0	28.6428E+0
140.8510E+0	599.0067E+0	252.8305E+0	-6.7386E+0	37.5197E+0	28.6291E+0
141.0010E+0	600.0067E+0	252.8168E+0	-6.7603E+0	37.3974E+0	28.6338E+0
141.1510E+0	601.0067E+0	251.5923E+0	-6.7895E+0	37.0561E+0	28.6223E+0
141.3010E+0	602.0067E+0	251.3023E+0	-6.8049E+0	36.9296E+0	28.5822E+0
141.4510E+0	603.0067E+0	250.7190E+0	-6.6179E+0	37.8850E+0	28.6056E+0
141.6010E+0	604.0067E+0	252.0466E+0	-6.5895E+0	38.2495E+0	28.6073E+0
141.7510E+0	605.0067E+0	253.2673E+0	-6.7026E+0	37.7865E+0	28.6107E+0
141.9010E+0	606.0067E+0	253.3171E+0	-6.8299E+0	37.0893E+0	28.5944E+0
142.0510E+0	607.0067E+0	253.3958E+0	-6.7498E+0	37.5413E+0	28.6079E+0
142.2010E+0	608.0067E+0	253.2091E+0	-6.7860E+0	37.3133E+0	28.6051E+0
142.3510E+0	609.0067E+0	252.6803E+0	-6.7218E+0	37.5910E+0	28.5982E+0
142.5010E+0	610.0067E+0	251.9351E+0	-6.7722E+0	37.2016E+0	28.5980E+0
142.6510E+0	611.0067E+0	251.0343E+0	-6.6906E+0	37.5205E+0	28.5932E+0
142.8010E+0	612.0067E+0	250.0454E+0	-6.8808E+0	36.3396E+0	28.5874E+0
142.9510E+0	613.0067E+0	249.9966E+0	-6.8050E+0	36.7373E+0	28.5972E+0
143.1010E+0	614.0067E+0	249.0367E+0	-6.5945E+0	37.7642E+0	28.5891E+0
143.2510E+0	615.0067E+0	247.8079E+0	-6.5304E+0	37.9470E+0	28.5941E+0
143.4010E+0	616.0067E+0	246.9185E+0	-6.6225E+0	37.2848E+0	28.5942E+0
143.5510E+0	617.0067E+0	247.2996E+0	-6.6679E+0	37.0878E+0	28.5847E+0
143.7010E+0	618.0067E+0	247.4510E+0	-6.7346E+0	36.7435E+0	28.5848E+0
143.8510E+0	619.0067E+0	247.4769E+0	-6.7062E+0	36.9029E+0	28.5901E+0
144.0010E+0	620.0067E+0	247.9781E+0	-6.7596E+0	36.6855E+0	28.6050E+0
144.1510E+0	621.0067E+0	248.0007E+0	-6.9226E+0	35.8246E+0	28.6060E+0
144.3010E+0	622.0067E+0	248.0744E+0	-6.7513E+0	36.7449E+0	28.5836E+0
144.4510E+0	623.0067E+0	248.5607E+0	-6.6606E+0	37.3181E+0	28.6136E+0
144.6010E+0	624.0067E+0	248.7373E+0	-6.7362E+0	36.9256E+0	28.6162E+0
144.7510E+0	625.0067E+0	248.2965E+0	-6.6702E+0	37.2248E+0	28.5999E+0
144.9010E+0	626.0067E+0	247.2705E+0	-6.7235E+0	36.7771E+0	28.5808E+0
145.0510E+0	627.0067E+0	246.4531E+0	-6.7948E+0	36.2708E+0	28.5845E+0
145.2010E+0	628.0067E+0	245.0355E+0	-6.6900E+0	36.6272E+0	28.5735E+0
145.3510E+0	629.0067E+0	244.2050E+0	-6.8289E+0	35.7603E+0	28.5868E+0
145.5010E+0	630.0067E+0	244.7128E+0	-6.7967E+0	36.0048E+0	28.6221E+0
145.6510E+0	631.0067E+0	243.6521E+0	-6.8117E+0	35.7695E+0	28.6495E+0
145.8010E+0	632.0067E+0	244.0982E+0	-6.8838E+0	35.4597E+0	28.6115E+0
145.9510E+0	633.0067E+0	243.8799E+0	-6.8879E+0	35.4072E+0	28.6180E+0
146.1010E+0	634.0067E+0	242.9176E+0	-6.8526E+0	35.4492E+0	28.6441E+0
146.2510E+0	635.0067E+0	244.3990E+0	-6.8303E+0	35.7818E+0	28.6315E+0
146.4010E+0	636.0067E+0	244.3870E+0	-6.7656E+0	36.1221E+0	28.6186E+0
146.5510E+0	637.0067E+0	243.6206E+0	-6.7887E+0	35.8860E+0	28.6077E+0
146.7010E+0	638.0067E+0	244.3605E+0	-6.9143E+0	35.3414E+0	28.6273E+0
146.8510E+0	639.0067E+0	245.0866E+0	-6.7955E+0	36.0662E+0	28.6238E+0
147.0010E+0	640.0067E+0	244.8215E+0	-6.6189E+0	36.9882E+0	28.5924E+0
147.1510E+0	641.0067E+0	244.0571E+0	-6.6759E+0	36.5582E+0	28.6079E+0
147.3010E+0	642.0067E+0	243.6486E+0	-6.7626E+0	36.0290E+0	28.6165E+0
147.4510E+0	643.0067E+0	242.7320E+0	-6.8065E+0	35.6617E+0	28.6314E+0
147.6010E+0	644.0067E+0	241.9239E+0	-6.7879E+0	35.6402E+0	28.6439E+0
147.7510E+0	645.0067E+0	241.1549E+0	-6.7907E+0	35.5125E+0	28.6477E+0
147.9010E+0	646.0067E+0	240.8352E+0	-6.7580E+0	35.6370E+0	28.6554E+0
148.0510E+0	647.0067E+0	240.0438E+0	-6.5812E+0	36.4739E+0	28.6428E+0
148.2010E+0	648.0067E+0	239.0883E+0	-6.7029E+0	35.6694E+0	28.6560E+0
148.3510E+0	649.0067E+0	239.4497E+0	-6.7175E+0	35.6457E+0	28.6611E+0
148.5010E+0	650.0067E+0	239.6793E+0	-6.6259E+0	36.1733E+0	28.6731E+0
148.6510E+0	651.0067E+0	239.8414E+0	-6.6776E+0	35.9174E+0	28.6733E+0
148.8010E+0	652.0067E+0	240.6646E+0	-6.7257E+0	35.7827E+0	28.6725E+0
148.9510E+0	653.0067E+0	240.8542E+0	-6.6349E+0	36.3011E+0	28.6466E+0
149.1010E+0	654.0067E+0	240.6942E+0	-6.7603E+0	35.6040E+0	28.6167E+0
149.2510E+0	655.0067E+0	240.0126E+0	-6.7385E+0	35.6183E+0	28.6525E+0
149.4010E+0	656.0067E+0	239.0079E+0	-6.5719E+0	36.3680E+0	28.6494E+0
149.5510E+0	657.0067E+0	238.7371E+0	-6.5762E+0	36.3035E+0	28.6339E+0
149.7010E+0	658.0067E+0	239.1292E+0	-6.6519E+0	35.9488E+0	28.6548E+0
149.8510E+0	659.0067E+0	237.8298E+0	-6.6495E+0	35.7663E+0	28.6371E+0
150.0010E+0	660.0067E+0	236.7478E+0	-6.6063E+0	35.8364E+0	28.6188E+0
150.1510E+0	661.0067E+0	235.5599E+0	-6.6373E+0	35.4905E+0	28.6509E+0
150.3010E+0	662.0067E+0	235.2752E+0	-6.6959E+0	35.1370E+0	28.6848E+0
150.4510E+0	663.0067E+0	234.6509E+0	-6.6375E+0	35.3522E+0	28.6466E+0
150.6010E+0	664.0067E+0	235.1141E+0	-6.5497E+0	35.8971E+0	28.6343E+0
150.7510E+0	665.0067E+0	235.0585E+0	-6.6428E+0	35.3855E+0	28.6157E+0
150.9010E+0	666.0067E+0	234.8765E+0	-6.5853E+0	35.6665E+0	28.6145E+0
151.0510E+0	667.0067E+0	235.1845E+0	-6.5925E+0	35.6746E+0	28.6142E+0
151.2010E+0	668.0067E+0	235.8513E+0	-6.5855E+0	35.8139E+0	28.6200E+0
151.3510E+0	669.0067E+0	236.2123E+0	-6.7207E+0	35.1470E+0	28.6272E+0
151.5010E+0	670.0067E+0	235.7907E+0	-6.8279E+0	34.5335E+0	28.6176E+0
151.6510E+0	671.0067E+0	235.5883E+0	-6.6656E+0	35.3441E+0	28.5929E+0
151.8010E+0	672.0067E+0	235.2962E+0	-6.7199E+0	35.0146E+0	28.6001E+0
151.9510E+0	673.0067E+0	234.3658E+0	-6.6509E+0	35.2381E+0	28.5874E+0
152.1010E+0	674.0067E+0	232.7759E+0	-6.5664E+0	35.4496E+0	28.5746E+0
152.2510E+0	675.0067E+0	231.6233E+0	-6.6098E+0	35.0426E+0	28.5692E+0
152.4010E+0	676.0067E+0	230.3155E+0	-6.6752E+0	34.5029E+0	28.5534E+0
152.5510E+0	677.0067E+0	229.7324E+0	-6.6764E+0	34.4099E+0	28.5401E+0
152.7010E+0	678.0067E+0	228.9965E+0	-6.6380E+0	34.4976E+0	28.5686E+0
152.8510E+0	679.0067E+0	229.2031E+0	-6.6043E+0	34.7050E+0	28.5827E+0
153.0010E+0	680.0067E+0	229.1193E+0	-6.5955E+0	34.7389E+0	28.5901E+0
153.1510E+0	681.0067E+0	229.4393E+0	-6.6222E+0	34.6469E+0	28.5907E+0
153.3010E+0	682.0067E+0	230.3307E+0	-6.6670E+0	34.5477E+0	28.5901E+0
153.4510E+0	683.0067E+0	231.0772E+0	-6.7255E+0	34.3583E+0	28.5975E+0
153.6010E+0	684.0067E+0	231.0137E+0	-6.6625E+0	34.6739E+0	28.5904E+0
153.7510E+0	685.0067E+0	231.3472E+0	-6.7657E+0	34.1939E+0	28.6018E+0
153.9010E+0	686.0067E+0	230.6592E+0	-6.6356E+0	34.7608E+0	28.5821E+0
154.0510E+0	687.0067E+0	230.4722E+0	-6.6281E+0	34.7722E+0	28.6005E+0
154.2010E+0	688.0067E+0	230.1892E+0	-6.7217E+0	34.2456E+0	28.6013E+0
154.3510E+0	689.0067E+0	229.6987E+0	-6.6650E+0	34.4632E+0	28.6162E+0
154.5010E+0	690.0067E+0	228.5968E+0	-6.6567E+0	34.3408E+0	28.6085E+0
154.6510E+0	691.0067E+0	227.6567E+0	-6.6473E+0	34.2479E+0	28.6243E+0
154.8010E+0	692.0067E+0	226.7395E+0	-6.6027E+0	34.3404E+0	28.6045E+0
154.9510E+0	693.0067E+0	225.3973E+0	-6.6110E+0	34.0942E+0	28.5824E+0
155.1010E+0	694.0067E+0	224.7411E+0	-6.6188E+0	33.9548E+0	28.5677E+0
155.2510E+0	695.0067E+0	225.1448E+0	-6.6900E+0	33.6537E+0	28.5830E+0
155.4010E+0	696.0067E+0	225.3966E+0	-6.6401E+0	33.9446E+0	28.5825E+0
155.5510E+0	697.0067E+0	225.6347E+0	-6.7003E+0	33.6753E+0	28.5556E+0
155.7010E+0	698.0067E+0	225.7241E+0	-6.7456E+0	33.4623E+0	28.5418E+0
155.8510E+0	699.0067E+0	226.8491E+0	-6.6534E+0	34.0953E+0	28.5700E+0
156.0010E+0	700.0067E+0	227.2380E+0	-6.5806E+0	34.5314E+0	28.5760E+0
156.1510E+0	701.0067E+0	226.8965E+0	-6.6103E+0	34.3246E+0	28.5925E+0
156.3010E+0	702.0067E+0	226.3882E+0	-6.7107E+0	33.7353E+0	28.5998E+0
156.4510E+0	703.0067E+0	226.2475E+0	-6.6122E+0	34.2166E+0	28.6113E+0
156.6010E+0	704.0067E+0	225.6807E+0	-6.6377E+0	33.9996E+0	28.6053E+0
156.7510E+0	705.0067E+0	224.1709E+0	-6.6358E+0	33.7822E+0	28.6019E+0
156.9010E+0	706.0067E+0	223.1481E+0	-6.7709E+0	32.9571E+0	28.6155E+0
157.0510E+0	707.0067E+0	222.1257E+0	-6.6900E+0	33.2028E+0	28.6046E+0
157.2010E+0	708.0067E+0	221.6046E+0	-6.6278E+0	33.4358E+0	28.6137E+0
157.3510E+0	709.0067E+0	222.0157E+0	-6.5837E+0	33.7220E+0	28.6328E+0
157.5010E+0	710.0067E+0	221.9222E+0	-6.5166E+0	34.0550E+0	28.6177E+0
157.6510E+0	711.0067E+0	222.3751E+0	-6.6417E+0	33.4817E+0	28.6126E+0
157.8010E+0	712.0067E+0	222.3218E+0	-6.6646E+0	33.3585E+0	28.6194E+0
157.9510E+0	713.0067E+0	222.7070E+0	-6.6446E+0	33.5169E+0	28.6507E+0
158.1010E+0	714.0067E+0	223.7906E+0	-6.6583E+0	33.6107E+0	28.6503E+0
158.2510E+0	715.0067E+0	223.6522E+0	-6.7269E+0	33.2475E+0	28.6401E+0
158.4010E+0	716.0067E+0	222.9313E+0	-6.7064E+0	33.2416E+0	28.6497E+0
158.5510E+0	717.0067E+0	221.8163E+0	-6.7499E+0	32.8623E+0	28.6802E+0
158.7010E+0	718.0067E+0	222.8412E+0	-6.6664E+0	33.4274E+0	28.6639E+0
158.8510E+0	719.0067E+0	221.9786E+0	-6.5933E+0	33.6675E+0	28.6609E+0
159.0010E+0	720.0067E+0	221.2958E+0	-6.6473E+0	33.2910E+0	28.6495E+0
159.1510E+0	721.0067E+0	219.8070E+0	-6.6325E+0	33.1407E+0	28.6354E+0
159.3010E+0	722.0067E+0	218.5102E+0	-6.7146E+0	32.5426E+0	28.6285E+0
159.4510E+0	723.0067E+0	217.9659E+0	-6.6832E+0	32.6142E+0	28.6304E+0
159.6010E+0	724.0067E+0	217.8470E+0	-6.8179E+0	31.9524E+0	28.6517E+0
159.7510E+0	725.0067E+0	217.6360E+0	-6.6974E+0	32.4954E+0	28.6124E+0
159.9010E+0	726.0067E+0	217.5118E+0	-6.8480E+0	31.7630E+0	28.6201E+0
160.0510E+0	727.0067E+0	217.3596E+0	-6.6334E+0	32.7677E+0	28.6322E+0
160.2010E+0	728.0067E+0	217.0917E+0	-6.7273E+0	32.2702E+0	28.6067E+0
160.3510E+0	729.0067E+0	218.7657E+0	-6.7198E+0	32.5554E+0	28.6450E+0
160.5010E+0	730.0067E+0	219.5882E+0	-6.8142E+0	32.2250E+0	28.6429E+0
160.6510E+0	731.0067E+0	219.3072E+0	-6.8041E+0	32.2318E+0	28.6385E+0
160.8010E+0	732.0067E+0	219.1931E+0	-6.8804E+0	31.8578E+0	28.6176E+0
160.9510E+0	733.0067E+0	218.6537E+0	-6.7702E+0	32.2967E+0	28.6112E+0
161.1010E+0	734.0067E+0	217.8871E+0	-6.6146E+0	32.9403E+0	28.6279E+0
161.2510E+0	735.0067E+0	217.2774E+0	-6.6713E+0	32.5689E+0	28.6527E+0
161.4010E+0	736.0067E+0	217.0836E+0	-6.7070E+0	32.3669E+0	28.6498E+0
161.5510E+0	737.0067E+0	216.7683E+0	-6.6255E+0	32.7170E+0	28.6535E+0
161.7010E+0	738.0067E+0	215.7104E+0	-6.6996E+0	32.1973E+0	28.6499E+0
161.8510E+0	739.0067E+0	214.3913E+0	-6.7809E+0	31.6172E+0	28.6470E+0
162.0010E+0	740.0067E+0	213.9142E+0	-6.6079E+0	32.3727E+0	28.6477E+0
162.1510E+0	741.0067E+0	213.6851E+0	-6.6316E+0	32.2223E+0	28.6592E+0
162.3010E+0	742.0067E+0	214.4336E+0	-6.6379E+0	32.3045E+0	28.6837E+0
162.4510E+0	743.0067E+0	215.2400E+0	-6.6541E+0	32.3471E+0	28.6800E+0
162.6010E+0	744.0067E+0	215.6938E+0	-6.7664E+0	31.8770E+0	28.7224E+0
162.7510E+0	745.0067E+0	216.1560E+0	-6.8196E+0	31.6962E+0	28.7244E+0
162.9010E+0	746.0067E+0	216.8591E+0	-6.7390E+0	32.1799E+0	28.7297E+0
163.0510E+0	747.0067E+0	216.9077E+0	-6.5805E+0	32.9624E+0	28.7232E+0
163.2010E+0	748.0067E+0	217.0241E+0	-6.7617E+0	32.0958E+0	28.7441E+0
163.3510E+0	749.0067E+0	216.2833E+0	-6.7731E+0	31.9326E+0	28.7273E+0
163.5010E+0	750.0067E+0	214.7712E+0	-6.7266E+0	31.9284E+0	28.7071E+0
163.6510E+0	751.0067E+0	213.3042E+0	-6.7567E+0	31.5693E+0	28.6902E+0
163.8010E+0	752.0067E+0	211.9880E+0	-6.6415E+0	31.9189E+0	28.6876E+0
163.9510E+0	753.0067E+0	211.3554E+0	-6.7008E+0	31.5420E+0	28.6780E+0
164.1010E+0	754.0067E+0	210.3341E+0	-6.4952E+0	32.3831E+0	28.6729E+0
164.2510E+0	755.0067E+0	210.4975E+0	-6.6232E+0	31.7820E+0	28.6805E+0
164.4010E+0	756.0067E+0	211.0325E+0	-6.5566E+0	32.1865E+0	28.6932E+0
164.5510E+0	757.0067E+0	210.4738E+0	-6.6731E+0	31.5408E+0	28.6823E+0
164.7010E+0	758.0067E+0	210.5259E+0	-6.6349E+0	31.7301E+0	28.6876E+0
164.8510E+0	759.0067E+0	211.3107E+0	-6.6865E+0	31.6027E+0	28.6792E+0
165.0010E+0	760.0067E+0	211.4924E+0	-6.6397E+0	31.8528E+0	28.6655E+0
165.1510E+0	761.0067E+0	212.2093E+0	-6.7461E+0	31.4566E+0	28.6488E+0
165.3010E+0	762.0067E+0	211.7881E+0	-6.6285E+0	31.9511E+0	28.6366E+0
165.4510E+0	763.0067E+0	211.6382E+0	-6.5521E+0	32.3011E+0	28.6335E+0
165.6010E+0	764.0067E+0	212.2765E+0	-6.5060E+0	32.6280E+0	28.6518E+0
165.7510E+0	765.0067E+0	211.0090E+0	-6.5672E+0	32.1306E+0	28.6387E+0
165.9010E+0	766.0067E+0	209.8978E+0	-6.6399E+0	31.6116E+0	28.6175E+0
166.0510E+0	767.0067E+0	208.5979E+0	-6.5898E+0	31.6549E+0	28.6348E+0
166.2010E+0	768.0067E+0	206.9647E+0	-6.6371E+0	31.1830E+0	28.6649E+0
166.3510E+0	769.0067E+0	207.5306E+0	-6.5899E+0	31.4920E+0	28.6574E+0
166.5010E+0	770.0067E+0	207.2312E+0	-6.5950E+0	31.4223E+0	28.6416E+0
166.6510E+0	771.0067E+0	206.7099E+0	-6.5626E+0	31.4984E+0	28.6390E+0
166.8010E+0	772.0067E+0	207.2343E+0	-6.5848E+0	31.4715E+0	28.6781E+0
166.9510E+0	773.0067E+0	207.2534E+0	-6.6810E+0	31.0212E+0	28.6701E+0
167.1010E+0	774.0067E+0	207.6734E+0	-6.7065E+0	30.9662E+0	28.6954E+0
167.2510E+0	775.0067E+0	207.8490E+0	-6.6202E+0	31.3963E+0	28.6850E+0
167.4010E+0	776.0067E+0	207.9460E+0	-6.5678E+0	31.6615E+0	28.6700E+0
167.5510E+0	777.0067E+0	209.0510E+0	-6.6927E+0	31.2356E+0	28.6875E+0
167.7010E+0	778.0067E+0	209.5750E+0	-6.6275E+0	31.6222E+0	28.6697E+0
167.8510E+0	779.0067E+0	209.4894E+0	-6.7303E+0	31.1265E+0	28.6721E+0
168.0010E+0	780.0067E+0	208.2442E+0	-6.5373E+0	31.8546E+0	28.6800E+0
168.1510E+0	781.0067E+0	206.9938E+0	-6.5853E+0	31.4325E+0	28.6542E+0
168.3010E+0	782.0067E+0	205.8684E+0	-6.5924E+0	31.2283E+0	28.6594E+0
168.4510E+0	783.0067E+0	205.0080E+0	-6.6602E+0	30.7808E+0	28.6837E+0
168.6010E+0	784.0067E+0	204.6003E+0	-6.5553E+0	31.2113E+0	28.6921E+0
168.7510E+0	785.0067E+0	203.4120E+0	-6.6557E+0	30.5621E+0	28.6884E+0
168.9010E+0	786.0067E+0	203.6031E+0	-6.7240E+0	30.2798E+0	28.7050E+0
169.0510E+0	787.0067E+0	203.0882E+0	-6.5966E+0	30.7869E+0	28.6966E+0
169.2010E+0	788.0067E+0	202.6751E+0	-6.5498E+0	30.9435E+0	28.6797E+0
169.3510E+0	789.0067E+0	203.1980E+0	-6.5725E+0	30.9163E+0	28.6762E+0
169.5010E+0	790.0067E+0	204.5551E+0	-6.4935E+0	31.5016E+0	28.6865E+0
169.6510E+0	791.0067E+0	205.5499E+0	-6.6610E+0	30.8587E+0	28.7078E+0
169.8010E+0	792.0067E+0	205.6265E+0	-6.4580E+0	31.8406E+0	28.6989E+0
169.9510E+0	793.0067E+0	206.0447E+0	-6.5311E+0	31.5428E+0	28.7243E+0
170.1010E+0	794.0067E+0	206.1152E+0	-6.6841E+0	30.8368E+0	28.7203E+0
170.2510E+0	795.0067E+0	204.9558E+0	-6.5805E+0	31.1460E+0	28.7283E+0
170.4010E+0	796.0067E+0	204.1746E+0	-6.5139E+0	31.3446E+0	28.7333E+0
170.5510E+0	797.0067E+0	203.4001E+0	-6.5662E+0	30.9767E+0	28.7337E+0
170.7010E+0	798.0067E+0	202.4612E+0	-6.5943E+0	30.7022E+0	28.7308E+0
170.8510E+0	799.0067E+0	201.6417E+0	-6.6555E+0	30.2972E+0	28.7070E+0
171.0010E+0	800.0067E+0	200.5193E+0	-6.6417E+0	30.1911E+0	28.7177E+0
171.1510E+0	801.0067E+0	200.1513E+0	-6.5819E+0	30.4096E+0	28.7008E+0
171.3010E+0	802.0067E+0	199.3989E+0	-6.6305E+0	30.0731E+0	28.6989E+0
171.4510E+0	803.0067E+0	199.0627E+0	-6.6369E+0	29.9934E+0	28.6743E+0
171.6010E+0	804.0067E+0	198.9480E+0	-6.5566E+0	30.3431E+0	28.6486E+0
171.7510E+0	805.0067E+0	199.0392E+0	-6.5378E+0	30.4444E+0	28.6302E+0
171.9010E+0	806.0067E+0	200.0843E+0	-6.6494E+0	30.0904E+0	28.6484E+0
172.0510E+0	807.0067E+0	200.2522E+0	-6.6051E+0	30.3176E+0	28.6480E+0
172.2010E+0	808.0067E+0	201.1044E+0	-6.5782E+0	30.5715E+0	28.6551E+0
172.3510E+0	809.0067E+0	201.3395E+0	-6.5313E+0	30.8268E+0	28.6574E+0
172.5010E+0	810.0067E+0	200.4605E+0	-6.4601E+0	31.0307E+0	28.6424E+0
172.6510E+0	811.0067E+0	200.0582E+0	-6.5645E+0	30.4757E+0	28.6497E+0
172.8010E+0	812.0067E+0	199.4233E+0	-6.4905E+0	30.7253E+0	28.6630E+0
172.9510E+0	813.0067E+0	199.3379E+0	-6.5013E+0	30.6614E+0	28.6872E+0
173.1010E+0	814.0067E+0	198.2705E+0	-6.5375E+0	30.3283E+0	28.6753E+0
173.2510E+0	815.0067E+0	197.5357E+0	-6.5745E+0	30.0459E+0	28.6917E+0
173.4010E+0	816.0067E+0	196.7045E+0	-6.6928E+0	29.3904E+0	28.7060E+0
173.5510E+0	817.0067E+0	196.7404E+0	-6.6351E+0	29.6513E+0	28.7295E+0
173.7010E+0	818.0067E+0	196.4959E+0	-6.6155E+0	29.7022E+0	28.7285E+0
173.8510E+0	819.0067E+0	196.4425E+0	-6.5489E+0	29.9960E+0	28.7384E+0
174.0010E+0	820.0067E+0	196.4245E+0	-6.5460E+0	30.0068E+0	28.7475E+0
174.1510E+0	821.0067E+0	195.9220E+0	-6.4403E+0	30.4211E+0	28.7411E+0
174.3010E+0	822.0067E+0	197.0845E+0	-6.5459E+0	30.1082E+0	28.7355E+0
174.4510E+0	823.0067E+0	198.3455E+0	-6.7494E+0	29.3872E+0	28.7492E+0
174.6010E+0	824.0067E+0	198.4160E+0	-6.6589E+0	29.7973E+0	28.7413E+0
174.7510E+0	825.0067E+0	198.8159E+0	-6.6227E+0	30.0204E+0	28.7579E+0
174.9010E+0	826.0067E+0	198.9245E+0	-6.7203E+0	29.6005E+0	28.7559E+0
175.0515E+0	827.0100E+0	197.7549E+0	-6.7217E+0	29.4202E+0	28.7456E+0
175.2015E+0	828.0100E+0	196.0638E+0	-6.6611E+0	29.4341E+0	28.7205E+0
175.3515E+0	829.0100E+0	194.7984E+0	-6.4296E+0	30.2973E+0	28.7009E+0
175.5015E+0	830.0100E+0	194.0535E+0	-6.6353E+0	29.2455E+0	28.7008E+0
175.6515E+0	831.0100E+0	193.3866E+0	-6.6372E+0	29.1366E+0	28.7069E+0
175.8015E+0	832.0100E+0	193.5125E+0	-6.6619E+0	29.0476E+0	28.7076E+0
175.9515E+0	833.0100E+0	192.5799E+0	-6.5974E+0	29.1904E+0	28.7085E+0
176.1015E+0	834.0100E+0	191.7994E+0	-6.5418E+0	29.3191E+0	28.6891E+0
176.2515E+0	835.0100E+0	192.4664E+0	-6.6118E+0	29.1094E+0	28.6805E+0
176.4015E+0	836.0100E+0	193.4578E+0	-6.6679E+0	29.0132E+0	28.6956E+0
176.5515E+0	837.0100E+0	193.4851E+0	-6.5303E+0	29.6288E+0	28.7016E+0
176.7015E+0	838.0100E+0	193.2061E+0	-6.5538E+0	29.4799E+0	28.6930E+0
176.8515E+0	839.0100E+0	193.7053E+0	-6.5038E+0	29.7835E+0	28.7043E+0
177.0015E+0	840.0100E+0	193.0380E+0	-6.6390E+0	29.0764E+0	28.6824E+0
177.1515E+0	841.0100E+0	193.1005E+0	-6.6302E+0	29.1243E+0	28.6642E+0
177.3015E+0	842.0100E+0	193.0283E+0	-6.7547E+0	28.5771E+0	28.6856E+0
177.4515E+0	843.0100E+0	192.0761E+0	-6.6128E+0	29.0462E+0	28.7167E+0
177.6015E+0	844.0100E+0	191.0629E+0	-6.5856E+0	29.0121E+0	28.6943E+0
177.7515E+0	845.0100E+0	191.0185E+0	-6.5747E+0	29.0536E+0	28.7172E+0
177.9015E+0	846.0100E+0	190.3979E+0	-6.7466E+0	28.2212E+0	28.7106E+0
178.0515E+0	847.0100E+0	189.0347E+0	-6.7669E+0	27.9350E+0	28.6853E+0
178.2015E+0	848.0100E+0	188.9598E+0	-6.6470E+0	28.4280E+0	28.6938E+0
178.3515E+0	849.0100E+0	189.0797E+0	-6.6047E+0	28.6280E+0	28.7350E+0
178.5015E+0	850.0100E+0	189.3235E+0	-6.6291E+0	28.5592E+0	28.7325E+0
178.6515E+0	851.0100E+0	189.2968E+0	-6.7141E+0	28.1938E+0	28.7330E+0
178.8015E+0	852.0100E+0	189.3392E+0	-6.4642E+0	29.2902E+0	28.7316E+0
178.9515E+0	853.0100E+0	189.6096E+0	-6.5622E+0	28.8942E+0	28.7161E+0
179.1015E+0	854.0100E+0	189.7917E+0	-6.6393E+0	28.5863E+0	28.6997E+0
179.2515E+0	855.0100E+0	190.8001E+0	-6.7776E+0	28.1516E+0	28.6998E+0
179.4015E+0	856.0100E+0	190.4465E+0	-6.5445E+0	29.1001E+0	28.6954E+0
179.5515E+0	857.0100E+0	190.4211E+0	-6.4678E+0	29.4414E+0	28.7287E+0
179.7015E+0	858.0100E+0	190.1153E+0	-6.5242E+0	29.1399E+0	28.7254E+0
179.8515E+0	859.0100E+0	189.3919E+0	-6.6628E+0	28.4253E+0	28.6901E+0
180.0015E+0	860.0100E+0	188.3760E+0	-6.5650E+0	28.6939E+0	28.6969E+0
180.1515E+0	861.0100E+0	186.9137E+0	-6.6452E+0	28.1278E+0	28.6832E+0
180.3015E+0	862.0100E+0	185.9403E+0	-6.6416E+0	27.9962E+0	28.6613E+0
180.4515E+0	863.0100E+0	185.9501E+0	-6.7037E+0	27.7382E+0	28.6696E+0
180.6015E+0	864.0100E+0	185.7685E+0	-6.6550E+0	27.9141E+0	28.6633E+0
180.7515E+0	865.0100E+0	185.6944E+0	-6.6241E+0	28.0334E+0	28.6784E+0
180.9015E+0	866.0100E+0	185.8792E+0	-6.6297E+0	28.0373E+0	28.6765E+0
181.0515E+0	867.0100E+0	185.5156E+0	-6.5835E+0	28.1788E+0	28.6636E+0
181.2015E+0	868.0100E+0	185.2941E+0	-6.5276E+0	28.3861E+0	28.6670E+0
181.3515E+0	869.0100E+0	186.2792E+0	-6.4406E+0	28.9229E+0	28.6561E+0
181.5015E+0	870.0100E+0	186.0994E+0	-6.5219E+0	28.5345E+0	28.6240E+0
181.6515E+0	871.0100E+0	185.8237E+0	-6.4914E+0	28.6263E+0	28.6015E+0
181.8015E+0	872.0100E+0	186.3679E+0	-6.5466E+0	28.4677E+0	28.6197E+0
181.9515E+0	873.0100E+0	186.4898E+0	-6.5357E+0	28.5340E+0	28.6540E+0
182.1015E+0	874.0100E+0	185.7190E+0	-6.5859E+0	28.1996E+0	28.6486E+0
182.2515E+0	875.0100E+0	184.7734E+0	-6.5966E+0	28.0102E+0	28.6510E+0
182.4015E+0	876.0100E+0	183.8038E+0	-6.6376E+0	27.6913E+0	28.6685E+0
182.5515E+0	877.0100E+0	183.2254E+0	-6.6003E+0	27.7604E+0	28.6658E+0
182.7015E+0	878.0100E+0	182.7160E+0	-6.6167E+0	27.6146E+0	28.6647E+0
182.8515E+0	879.0100E+0	182.0957E+0	-6.7305E+0	27.0551E+0	28.6815E+0
183.0015E+0	880.0100E+0	181.9659E+0	-6.6712E+0	27.2761E+0	28.6912E+0
183.1515E+0	881.0100E+0	182.6760E+0	-6.6255E+0	27.5715E+0	28.6900E+0
183.3015E+0	882.0100E+0	183.3357E+0	-6.5206E+0	28.1165E+0	28.7084E+0
183.4515E+0	883.0100E+0	183.4826E+0	-6.5354E+0	28.0750E+0	28.7222E+0
183.6015E+0	884.0100E+0	184.1296E+0	-6.5638E+0	28.0523E+0	28.7351E+0
183.7515E+0	885.0100E+0	184.4680E+0	-6.6251E+0	27.8439E+0	28.7483E+0
183.9015E+0	886.0100E+0	184.1313E+0	-6.5198E+0	28.2419E+0	28.7415E+0
184.0515E+0	887.0100E+0	183.9958E+0	-6.4479E+0	28.5358E+0	28.7259E+0
184.2015E+0	888.0100E+0	183.8586E+0	-6.6459E+0	27.6649E+0	28.7338E+0
184.3515E+0	889.0100E+0	183.1750E+0	-6.6824E+0	27.4115E+0	28.7438E+0
184.5015E+0	890.0100E+0	182.6439E+0	-6.6650E+0	27.4036E+0	28.7510E+0
184.6515E+0	891.0100E+0	181.7819E+0	-6.7023E+0	27.1222E+0	28.7606E+0
184.8015E+0	892.0100E+0	181.3956E+0	-6.6939E+0	27.0985E+0	28.8004E+0
184.9515E+0	893.0100E+0	180.0871E+0	-6.5255E+0	27.5976E+0	28.7497E+0
185.1015E+0	894.0100E+0	179.5253E+0	-6.5539E+0	27.3920E+0	28.7404E+0
185.2515E+0	895.0100E+0	179.6273E+0	-6.6713E+0	26.9255E+0	28.7797E+0
185.4015E+0	896.0100E+0	179.4987E+0	-6.5650E+0	27.3418E+0	28.7782E+0
185.5515E+0	897.0100E+0	178.4954E+0	-6.5899E+0	27.0864E+0	28.7227E+0
185.7015E+0	898.0100E+0	179.4695E+0	-6.6110E+0	27.1471E+0	28.7204E+0
185.8515E+0	899.0100E+0	180.8099E+0	-6.5249E+0	27.7106E+0	28.7676E+0
186.0015E+0	900.0100E+0	181.6308E+0	-6.5255E+0	27.8338E+0	28.7817E+0
186.1515E+0	901.0100E+0	181.7242E+0	-6.5516E+0	27.7373E+0	28.7804E+0
186.3015E+0	902.0100E+0	181.8862E+0	-6.5598E+0	27.7275E+0	28.7823E+0
186.4515E+0	903.0100E+0	181.6047E+0	-6.6042E+0	27.4983E+0	28.7866E+0
186.6015E+0	904.0100E+0	181.3121E+0	-6.4910E+0	27.9328E+0	28.8072E+0
186.7515E+0	905.0100E+0	180.7134E+0	-6.5681E+0	27.5140E+0	28.8185E+0
186.9015E+0	906.0100E+0	179.9496E+0	-6.5741E+0	27.3726E+0	28.8164E+0
187.0515E+0	907.0100E+0	178.5518E+0	-6.5716E+0	27.1703E+0	28.8227E+0
187.2015E+0	908.0100E+0	177.5128E+0	-6.6278E+0	26.7830E+0	28.8346E+0
187.3515E+0	909.0100E+0	176.3352E+0	-6.7627E+0	26.0745E+0	28.8275E+0
187.5015E+0	910.0100E+0	177.1280E+0	-6.6758E+0	26.5329E+0	28.8082E+0
187.6515E+0	911.0100E+0	176.8775E+0	-6.5673E+0	26.9331E+0	28.8051E+0
187.8015E+0	912.0100E+0	177.5861E+0	-6.4571E+0	27.5024E+0	28.8375E+0
187.9515E+0	913.0100E+0	177.7837E+0	-6.5754E+0	27.0379E+0	28.8437E+0
188.1015E+0	914.0100E+0	178.2450E+0	-6.5926E+0	27.0370E+0	28.8458E+0
188.2515E+0	915.0100E+0	179.1022E+0	-6.6668E+0	26.8646E+0	28.8164E+0
188.4015E+0	916.0100E+0	178.4888E+0	-6.6985E+0	26.6460E+0	28.7775E+0
188.5515E+0	917.0100E+0	179.1047E+0	-6.5389E+0	27.3904E+0	28.8121E+0
188.7015E+0	918.0100E+0	179.0063E+0	-6.6376E+0	26.9684E+0	28.8244E+0
188.8515E+0	919.0100E+0	178.3754E+0	-6.5567E+0	27.2049E+0	28.8166E+0
189.0015E+0	920.0100E+0	177.3634E+0	-6.5065E+0	27.2596E+0	28.8096E+0
189.1515E+0	921.0100E+0	177.2776E+0	-6.6484E+0	26.6646E+0	28.8240E+0
189.3015E+0	922.0100E+0	177.2322E+0	-6.5808E+0	26.9317E+0	28.8586E+0
189.4515E+0	923.0100E+0	175.3976E+0	-6.6499E+0	26.3760E+0	28.8377E+0
189.6015E+0	924.0100E+0	174.2932E+0	-6.5689E+0	26.5331E+0	28.8158E+0
189.7515E+0	925.0100E+0	173.5602E+0	-6.7296E+0	25.7905E+0	28.7969E+0
189.9015E+0	926.0100E+0	172.9513E+0	-6.4953E+0	26.6270E+0	28.7787E+0
190.0515E+0	927.0100E+0	172.4647E+0	-6.5072E+0	26.5035E+0	28.7773E+0
190.2015E+0	928.0100E+0	173.0792E+0	-6.6389E+0	26.0705E+0	28.7979E+0
190.3515E+0	929.0100E+0	174.6229E+0	-6.5604E+0	26.6178E+0	28.8064E+0
190.5015E+0	930.0100E+0	175.1284E+0	-6.5430E+0	26.7657E+0	28.8047E+0
190.6515E+0	931.0100E+0	176.0672E+0	-6.5474E+0	26.8911E+0	28.8287E+0
190.8015E+0	932.0100E+0	176.5332E+0	-6.4698E+0	27.2857E+0	28.8285E+0
190.9515E+0	933.0100E+0	176.4942E+0	-6.4476E+0	27.3734E+0	28.8228E+0
191.1015E+0	934.0100E+0	176.3949E+0	-6.4546E+0	27.3286E+0	28.8315E+0
191.2515E+0	935.0100E+0	175.2560E+0	-6.5257E+0	26.8563E+0	28.8361E+0
191.4015E+0	936.0100E+0	174.4746E+0	-6.5324E+0	26.7093E+0	28.8178E+0
191.5515E+0	937.0100E+0	173.1765E+0	-6.5562E+0	26.4141E+0	28.7965E+0
191.7015E+0	938.0100E+0	172.2151E+0	-6.5495E+0	26.2945E+0	28.7835E+0
191.8515E+0	939.0100E+0	171.2595E+0	-6.6507E+0	25.7507E+0	28.7867E+0
192.0015E+0	940.0100E+0	170.4510E+0	-6.6359E+0	25.6861E+0	28.7895E+0
192.1515E+0	941.0100E+0	170.8452E+0	-6.5590E+0	26.0475E+0	28.8360E+0
192.3015E+0	942.0100E+0	170.5653E+0	-6.6301E+0	25.7260E+0	28.8254E+0
192.4515E+0	943.0100E+0	170.3652E+0	-6.5810E+0	25.8875E+0	28.7903E+0
192.6015E+0	944.0100E+0	170.7389E+0	-6.5771E+0	25.9596E+0	28.8050E+0
192.7515E+0	945.0100E+0	171.0192E+0	-6.4718E+0	26.4255E+0	28.8166E+0
192.9015E+0	946.0100E+0	171.8784E+0	-6.3891E+0	26.9020E+0	28.8185E+0
193.0515E+0	947.0100E+0	172.2252E+0	-6.5400E+0	26.3339E+0	28.8188E+0
193.2015E+0	948.0100E+0	171.3664E+0	-6.4332E+0	26.6377E+0	28.8019E+0
193.3515E+0	949.0100E+0	172.0197E+0	-6.3871E+0	26.9324E+0	28.8228E+0
193.5015E+0	950.0100E+0	171.5318E+0	-6.5387E+0	26.2335E+0	28.8062E+0
193.6515E+0	951.0100E+0	170.2815E+0	-6.5706E+0	25.9158E+0	28.7962E+0
193.8015E+0	952.0100E+0	169.6563E+0	-6.4627E+0	26.2518E+0	28.8106E+0
193.9515E+0	953.0100E+0	168.6287E+0	-6.4866E+0	25.9964E+0	28.8343E+0
194.1015E+0	954.0100E+0	169.1105E+0	-6.6134E+0	25.5709E+0	28.8350E+0
194.2515E+0	955.0100E+0	167.7163E+0	-6.4880E+0	25.8503E+0	28.8418E+0
194.4015E+0	956.0100E+0	167.0600E+0	-6.4926E+0	25.7309E+0	28.8202E+0
194.5515E+0	957.0100E+0	167.3036E+0	-6.5835E+0	25.4124E+0	28.8093E+0
194.7015E+0	958.0100E+0	167.1724E+0	-6.4549E+0	25.8984E+0	28.8135E+0
194.8515E+0	959.0100E+0	166.8866E+0	-6.4105E+0	26.0333E+0	28.8135E+0
195.0015E+0	960.0100E+0	167.4234E+0	-6.4341E+0	26.0213E+0	28.7988E+0
195.1515E+0	961.0100E+0	167.5454E+0	-6.6316E+0	25.2646E+0	28.7825E+0
195.3015E+0	962.0100E+0	167.5507E+0	-6.4468E+0	25.9899E+0	28.7629E+0
195.4515E+0	963.0100E+0	168.4205E+0	-6.3713E+0	26.4344E+0	28.7901E+0
195.6015E+0	964.0100E+0	168.0773E+0	-6.4342E+0	26.1225E+0	28.7777E+0
195.7515E+0	965.0100E+0	167.8623E+0	-6.4104E+0	26.1858E+0	28.7542E+0
195.9015E+0	966.0100E+0	167.3937E+0	-6.3136E+0	26.5134E+0	28.7647E+0
196.0515E+0	967.0100E+0	166.5664E+0	-6.5028E+0	25.6144E+0	28.7733E+0
196.2015E+0	968.0100E+0	166.3716E+0	-6.4715E+0	25.7085E+0	28.7593E+0
196.3515E+0	969.0100E+0	164.8463E+0	-6.4060E+0	25.7332E+0	28.7519E+0
196.5015E+0	970.0100E+0	164.6566E+0	-6.3236E+0	26.0385E+0	28.7724E+0
196.6515E+0	971.0100E+0	164.0621E+0	-6.5198E+0	25.1638E+0	28.7835E+0
196.8015E+0	972.0100E+0	164.0552E+0	-6.4056E+0	25.6111E+0	28.7899E+0
196.9515E+0	973.0100E+0	163.9716E+0	-6.3576E+0	25.7915E+0	28.7543E+0
197.1015E+0	974.0100E+0	163.7743E+0	-6.5413E+0	25.0370E+0	28.7443E+0
197.2515E+0	975.0100E+0	163.9651E+0	-6.5379E+0	25.0791E+0	28.7485E+0
197.4015E+0	976.0100E+0	163.9792E+0	-6.3727E+0	25.7315E+0	28.7511E+0
197.5515E+0	977.0100E+0	164.7364E+0	-6.5002E+0	25.3433E+0	28.7547E+0
197.7015E+0	978.0100E+0	164.9560E+0	-6.3564E+0	25.9512E+0	28.7497E+0
197.8515E+0	979.0100E+0	165.6208E+0	-6.3037E+0	26.2737E+0	28.7677E+0
198.0015E+0	980.0100E+0	165.3613E+0	-6.3765E+0	25.9327E+0	28.7696E+0
198.1515E+0	981.0100E+0	165.2296E+0	-6.3883E+0	25.8646E+0	28.7592E+0
198.3015E+0	982.0100E+0	164.4406E+0	-6.4307E+0	25.5713E+0	28.7642E+0
198.4515E+0	983.0100E+0	163.5685E+0	-6.3621E+0	25.7098E+0	28.7598E+0
198.6015E+0	984.0100E+0	162.4403E+0	-6.5130E+0	24.9408E+0	28.7329E+0
198.7515E+0	985.0100E+0	161.8194E+0	-6.5041E+0	24.8796E+0	28.7409E+0
198.9015E+0	986.0100E+0	161.1276E+0	-6.4609E+0	24.9390E+0	28.7677E+0
199.0515E+0	987.0100E+0	161.0451E+0	-6.4941E+0	24.7987E+0	28.7758E+0
199.2015E+0	988.0100E+0	161.1164E+0	-6.5211E+0	24.7070E+0	28.7866E+0
199.3515E+0	989.0100E+0	160.5816E+0	-6.5730E+0	24.4306E+0	28.7626E+0
199.5015E+0	990.0100E+0	161.1870E+0	-6.4244E+0	25.0898E+0	28.7774E+0
199.6515E+0	991.0100E+0	162.1556E+0	-6.4593E+0	25.1044E+0	28.7958E+0
199.8015E+0	992.0100E+0	162.5914E+0	-6.3436E+0	25.6309E+0	28.7724E+0
199.9515E+0	993.0100E+0	162.7149E+0	-6.3463E+0	25.6392E+0	28.7661E+0
200.1015E+0	994.0100E+0	163.1300E+0	-6.4580E+0	25.2602E+0	28.7669E+0
200.2515E+0	995.0100E+0	163.2219E+0	-6.4053E+0	25.4822E+0	28.7713E+0
200.4015E+0	996.0100E+0	162.5878E+0	-6.3586E+0	25.5699E+0	28.7926E+0
200.5515E+0	997.0100E+0	161.7913E+0	-6.4098E+0	25.2413E+0	28.7906E+0
200.7015E+0	998.0100E+0	161.4012E+0	-6.3530E+0	25.4053E+0	28.7704E+0
200.8515E+0	999.0100E+0	160.3473E+0	-6.4909E+0	24.7035E+0	28.7473E+0
201.0015E+0	1.0000E+3	159.7179E+0	-6.3601E+0	25.1126E+0	28.7539E+0
201.1515E+0	1.0010E+3	158.5172E+0	-6.4798E+0	24.4634E+0	28.7319E+0
