48.1505E+0	-18.9967E+0	245.5191E-3	-1.7173E+0	142.9699E-3	33.9003E+0
48.3000E+0	-18.0000E+0	139.6889E-3	-1.6407E+0	85.1375E-3	33.9162E+0
48.4500E+0	-17.0000E+0	274.7101E-3	-1.6605E+0	165.4421E-3	33.9297E+0
48.6000E+0	-16.0000E+0	287.5298E-3	-1.5388E+0	186.8490E-3	33.9307E+0
48.7500E+0	-15.0000E+0	241.1808E-3	-1.5854E+0	152.1286E-3	33.9382E+0
48.9000E+0	-14.0000E+0	230.1101E-3	-1.7881E+0	128.6879E-3	33.9361E+0
49.0500E+0	-13.0000E+0	311.5401E-3	-1.7411E+0	178.9296E-3	33.9576E+0
49.2000E+0	-12.0000E+0	354.6865E-3	-1.7911E+0	198.0302E-3	33.9753E+0
49.3500E+0	-11.0000E+0	184.8597E-3	-1.7020E+0	108.6124E-3	33.9881E+0
49.5000E+0	-10.0000E+0	253.2057E-3	-1.7603E+0	143.8391E-3	33.9982E+0
49.6500E+0	-9.0000E+0	329.2137E-3	-1.7723E+0	185.7512E-3	34.0102E+0
49.8000E+0	-8.0000E+0	400.9767E-3	-1.6651E+0	240.8064E-3	34.0241E+0
49.9500E+0	-7.0000E+0	201.7142E-3	-1.6170E+0	124.7424E-3	34.0174E+0
50.1000E+0	-6.0000E+0	161.5955E-3	-1.6339E+0	98.9034E-3	34.0061E+0
50.2500E+0	-5.0000E+0	148.1251E-3	-1.7373E+0	85.2613E-3	34.0064E+0
50.4000E+0	-4.0000E+0	274.8763E-3	-1.6803E+0	163.5921E-3	34.0046E+0
50.5500E+0	-3.0000E+0	514.7607E-3	-1.6234E+0	317.0794E-3	34.0300E+0
50.7000E+0	-2.0000E+0	1.4933E+0	-1.8350E+0	813.7715E-3	34.0445E+0
50.8500E+0	-1.0000E+0	11.7283E+0	-1.8041E+0	6.5009E+0	34.0402E+0
51.0000E+0	0.0000E+0	87.8818E+0	-2.0764E+0	42.3242E+0	34.0465E+0
51.1500E+0	1.0000E+0	187.2063E+0	-2.0214E+0	92.6140E+0	34.0442E+0
51.3000E+0	2.0000E+0	236.5768E+0	-1.9526E+0	121.1598E+0	34.0413E+0
51.4500E+0	3.0000E+0	223.6651E+0	-2.0484E+0	109.1901E+0	34.0496E+0
51.6000E+0	4.0000E+0	196.3242E+0	-1.9678E+0	99.7677E+0	34.0455E+0
51.7500E+0	5.0000E+0	200.0402E+0	-2.0435E+0	97.8929E+0	34.0285E+0
51.9000E+0	6.0000E+0	216.0592E+0	-2.0409E+0	105.8652E+0	34.0253E+0
52.0500E+0	7.0000E+0	207.8907E+0	-2.0742E+0	100.2265E+0	34.0062E+0
52.2000E+0	8.0000E+0	183.8359E+0	-2.1352E+0	86.0974E+0	34.0172E+0
52.3500E+0	9.0000E+0	181.6564E+0	-1.8629E+0	97.5114E+0	34.0404E+0
52.5000E+0	10.0000E+0	190.9903E+0	-1.8705E+0	102.1041E+0	34.0430E+0
52.6500E+0	11.0000E+0	187.3816E+0	-1.9472E+0	96.2304E+0	34.0519E+0
52.8000E+0	12.0000E+0	170.2354E+0	-1.9857E+0	85.7327E+0	34.0426E+0
52.9500E+0	13.0000E+0	163.3302E+0	-1.8693E+0	87.3751E+0	34.0391E+0
53.1000E+0	14.0000E+0	170.7443E+0	-1.9845E+0	86.0373E+0	34.0501E+0
53.2500E+0	15.0000E+0	169.8647E+0	-1.9697E+0	86.2394E+0	34.0402E+0
53.4000E+0	16.0000E+0	156.8404E+0	-1.9417E+0	80.7762E+0	34.0459E+0
53.5500E+0	17.0000E+0	151.7021E+0	-1.9504E+0	77.7812E+0	34.0541E+0
53.7000E+0	18.0000E+0	156.5347E+0	-1.9220E+0	81.4427E+0	34.0429E+0
53.8500E+0	19.0000E+0	158.2216E+0	-1.8797E+0	84.1737E+0	34.0523E+0
54.0000E+0	20.0000E+0	151.6542E+0	-1.8243E+0	83.1279E+0	34.0670E+0
54.1500E+0	21.0000E+0	146.8952E+0	-1.9645E+0	74.7743E+0	34.0647E+0
54.3000E+0	22.0000E+0	149.9086E+0	-1.9088E+0	78.5355E+0	34.0577E+0
54.4500E+0	23.0000E+0	152.9673E+0	-1.8960E+0	80.6806E+0	34.0657E+0
54.6000E+0	24.0000E+0	149.5453E+0	-1.9252E+0	77.6778E+0	34.0670E+0
54.7500E+0	25.0000E+0	144.2620E+0	-1.9084E+0	75.5918E+0	34.0394E+0
54.9000E+0	26.0000E+0	143.2616E+0	-1.8748E+0	76.4162E+0	34.0278E+0
55.0500E+0	27.0000E+0	145.3378E+0	-1.8933E+0	76.7629E+0	34.0248E+0
55.2000E+0	28.0000E+0	142.7060E+0	-1.9461E+0	73.3279E+0	34.0172E+0
55.3500E+0	29.0000E+0	138.8202E+0	-1.9369E+0	71.6730E+0	34.0159E+0
55.5000E+0	30.0000E+0	139.1303E+0	-1.8464E+0	75.3519E+0	34.0208E+0
55.6500E+0	31.0000E+0	140.4339E+0	-1.8377E+0	76.4199E+0	34.0354E+0
55.8000E+0	32.0000E+0	138.7589E+0	-1.9506E+0	71.1378E+0	34.0247E+0
55.9500E+0	33.0000E+0	136.5184E+0	-1.9242E+0	70.9466E+0	34.0241E+0
56.1000E+0	34.0000E+0	135.5176E+0	-1.9743E+0	68.6396E+0	34.0125E+0
56.2500E+0	35.0000E+0	136.0116E+0	-1.9046E+0	71.4131E+0	33.9826E+0
56.4000E+0	36.0000E+0	137.2090E+0	-1.9416E+0	70.6684E+0	33.9938E+0
56.5500E+0	37.0000E+0	133.8924E+0	-2.0317E+0	65.9030E+0	33.9766E+0
56.7000E+0	38.0000E+0	133.9588E+0	-1.8331E+0	73.0771E+0	33.9816E+0
56.8500E+0	39.0000E+0	134.5920E+0	-1.8600E+0	72.3615E+0	33.9850E+0
57.0000E+0	40.0000E+0	134.6466E+0	-1.8672E+0	72.1096E+0	33.9855E+0
57.1500E+0	41.0000E+0	133.1776E+0	-1.8700E+0	71.2174E+0	33.9825E+0
57.3000E+0	42.0000E+0	132.3483E+0	-1.8824E+0	70.3100E+0	33.9802E+0
57.4500E+0	43.0000E+0	132.2884E+0	-1.9546E+0	67.6815E+0	33.9814E+0
57.6000E+0	44.0000E+0	132.8348E+0	-1.9646E+0	67.6134E+0	33.9973E+0
57.7500E+0	45.0000E+0	131.0053E+0	-1.9966E+0	65.6145E+0	33.9838E+0
57.9000E+0	46.0000E+0	130.2860E+0	-2.0532E+0	63.4562E+0	33.9848E+0
58.0500E+0	47.0000E+0	129.7811E+0	-1.8488E+0	70.1958E+0	33.9773E+0
58.2000E+0	48.0000E+0	130.2517E+0	-1.8639E+0	69.8798E+0	33.9558E+0
58.3500E+0	49.0000E+0	129.6866E+0	-1.9040E+0	68.1139E+0	33.9676E+0
58.5000E+0	50.0000E+0	129.9618E+0	-1.8548E+0	70.0693E+0	34.0065E+0
58.6500E+0	51.0000E+0	129.5448E+0	-1.9787E+0	65.4685E+0	34.0048E+0
58.8000E+0	52.0000E+0	129.7833E+0	-1.8545E+0	69.9831E+0	34.0085E+0
58.9500E+0	53.0000E+0	129.5014E+0	-1.8988E+0	68.2029E+0	34.0110E+0
59.1000E+0	54.0000E+0	128.6924E+0	-1.8203E+0	70.6994E+0	34.0213E+0
59.2500E+0	55.0000E+0	129.0181E+0	-1.7514E+0	73.6671E+0	34.0344E+0
59.4000E+0	56.0000E+0	128.1464E+0	-1.8226E+0	70.3087E+0	34.0355E+0
59.5500E+0	57.0000E+0	127.4882E+0	-1.7850E+0	71.4229E+0	34.0236E+0
59.7000E+0	58.0000E+0	127.0195E+0	-1.8024E+0	70.4715E+0	34.0239E+0
59.8500E+0	59.0000E+0	125.9691E+0	-1.7100E+0	73.6672E+0	34.0237E+0
60.0000E+0	60.0000E+0	125.6776E+0	-2.0650E+0	60.8610E+0	34.0165E+0
60.1500E+0	61.0000E+0	126.1442E+0	-1.9900E+0	63.3906E+0	34.0013E+0
60.3000E+0	62.0000E+0	125.4276E+0	-1.8808E+0	66.6886E+0	33.9935E+0
60.4500E+0	63.0000E+0	125.0032E+0	-1.8185E+0	68.7411E+0	33.9869E+0
60.6000E+0	64.0000E+0	125.9420E+0	-1.9624E+0	64.1759E+0	33.9982E+0
60.7500E+0	65.0000E+0	125.9459E+0	-2.0214E+0	62.3076E+0	34.0024E+0
60.9000E+0	66.0000E+0	125.8322E+0	-1.9579E+0	64.2685E+0	34.0231E+0
61.0500E+0	67.0000E+0	125.3086E+0	-1.9525E+0	64.1780E+0	34.0269E+0
61.2000E+0	68.0000E+0	124.5764E+0	-1.8599E+0	66.9813E+0	34.0157E+0
61.3500E+0	69.0000E+0	125.1089E+0	-1.9192E+0	65.1896E+0	34.0145E+0
61.5000E+0	70.0000E+0	124.5631E+0	-1.7837E+0	69.8351E+0	33.9934E+0
61.6500E+0	71.0000E+0	124.0059E+0	-1.8549E+0	66.8533E+0	33.9762E+0
61.8000E+0	72.0000E+0	123.5474E+0	-1.8270E+0	67.6235E+0	33.9745E+0
61.9500E+0	73.0000E+0	123.2030E+0	-1.9457E+0	63.3202E+0	33.9653E+0
62.1000E+0	74.0000E+0	123.3477E+0	-2.0221E+0	61.0010E+0	33.9662E+0
62.2500E+0	75.0000E+0	122.7363E+0	-1.8988E+0	64.6382E+0	33.9785E+0
62.4000E+0	76.0000E+0	122.9299E+0	-1.7646E+0	69.6638E+0	33.9848E+0
62.5500E+0	77.0000E+0	121.9507E+0	-1.8631E+0	65.4574E+0	33.9787E+0
62.7000E+0	78.0000E+0	121.7478E+0	-1.9120E+0	63.6772E+0	33.9909E+0
62.8500E+0	79.0000E+0	122.0594E+0	-1.9666E+0	62.0660E+0	33.9848E+0
63.0000E+0	80.0000E+0	122.1655E+0	-1.7545E+0	69.6297E+0	33.9831E+0
63.1500E+0	81.0000E+0	122.0492E+0	-1.8601E+0	65.6160E+0	33.9745E+0
63.3000E+0	82.0000E+0	121.8742E+0	-1.8393E+0	66.2618E+0	33.9681E+0
63.4500E+0	83.0000E+0	122.4330E+0	-1.7141E+0	71.4264E+0	33.9729E+0
63.6000E+0	84.0000E+0	122.1497E+0	-1.9321E+0	63.2202E+0	33.9752E+0
63.7500E+0	85.0000E+0	121.6122E+0	-1.8593E+0	65.4058E+0	33.9733E+0
63.9000E+0	86.0000E+0	121.3278E+0	-1.7244E+0	70.3609E+0	33.9918E+0
64.0500E+0	87.0000E+0	120.4066E+0	-1.8029E+0	66.7859E+0	33.9982E+0
64.2000E+0	88.0000E+0	119.8497E+0	-1.9041E+0	62.9437E+0	33.9960E+0
64.3500E+0	89.0000E+0	120.0268E+0	-1.8861E+0	63.6372E+0	33.9983E+0
64.5000E+0	90.0000E+0	119.9929E+0	-1.8794E+0	63.8447E+0	34.0131E+0
64.6500E+0	91.0000E+0	119.8030E+0	-1.9232E+0	62.2934E+0	34.0046E+0
64.8000E+0	92.0000E+0	119.2241E+0	-1.9282E+0	61.8310E+0	33.9964E+0
64.9500E+0	93.0000E+0	118.8211E+0	-1.9653E+0	60.4602E+0	33.9894E+0
65.1000E+0	94.0000E+0	118.3386E+0	-1.8887E+0	62.6551E+0	33.9768E+0
65.2500E+0	95.0000E+0	119.1676E+0	-1.8902E+0	63.0456E+0	33.9840E+0
65.4000E+0	96.0000E+0	119.8813E+0	-1.9604E+0	61.1527E+0	33.9854E+0
65.5500E+0	97.0000E+0	119.7698E+0	-1.8904E+0	63.3583E+0	34.0153E+0
65.7000E+0	98.0000E+0	119.7761E+0	-1.8713E+0	64.0084E+0	34.0204E+0
65.8500E+0	99.0000E+0	119.9500E+0	-1.8637E+0	64.3597E+0	34.0143E+0
66.0000E+0	100.0000E+0	119.3111E+0	-1.9293E+0	61.8405E+0	33.9984E+0
66.1500E+0	101.0000E+0	119.1641E+0	-1.9921E+0	59.8175E+0	33.9897E+0
66.3000E+0	102.0000E+0	118.7885E+0	-1.9086E+0	62.2383E+0	33.9836E+0
66.4500E+0	103.0000E+0	118.3298E+0	-1.8994E+0	62.2972E+0	33.9831E+0
66.6000E+0	104.0000E+0	117.9137E+0	-1.9281E+0	61.1556E+0	33.9789E+0
66.7500E+0	105.0000E+0	117.9128E+0	-1.9140E+0	61.6062E+0	34.0005E+0
66.9000E+0	106.0000E+0	117.8097E+0	-2.0076E+0	58.6821E+0	34.0047E+0
67.0500E+0	107.0000E+0	116.9659E+0	-1.9236E+0	60.8069E+0	34.0140E+0
67.2000E+0	108.0000E+0	116.8019E+0	-1.7303E+0	67.5022E+0	34.0312E+0
67.3500E+0	109.0000E+0	116.6519E+0	-1.8371E+0	63.4993E+0	34.0343E+0
67.5000E+0	110.0000E+0	116.4867E+0	-1.8569E+0	62.7311E+0	34.0371E+0
67.6500E+0	111.0000E+0	116.2554E+0	-1.9227E+0	60.4650E+0	34.0233E+0
67.8000E+0	112.0000E+0	116.3877E+0	-2.0414E+0	57.0142E+0	34.0248E+0
67.9500E+0	113.0000E+0	117.1408E+0	-1.8800E+0	62.3082E+0	34.0518E+0
68.1000E+0	114.0000E+0	117.0267E+0	-1.9085E+0	61.3179E+0	34.0428E+0
68.2500E+0	115.0000E+0	116.7525E+0	-1.7992E+0	64.8920E+0	34.0341E+0
68.4000E+0	116.0000E+0	117.1033E+0	-1.8699E+0	62.6240E+0	34.0495E+0
68.5500E+0	117.0000E+0	116.4795E+0	-1.8706E+0	62.2669E+0	34.0242E+0
68.7000E+0	118.0000E+0	115.8420E+0	-1.8894E+0	61.3100E+0	34.0081E+0
68.8500E+0	119.0000E+0	115.1487E+0	-1.8541E+0	62.1057E+0	34.0090E+0
69.0000E+0	120.0000E+0	114.7616E+0	-1.8512E+0	61.9942E+0	34.0076E+0
69.1500E+0	121.0000E+0	114.8299E+0	-1.8396E+0	62.4228E+0	34.0232E+0
69.3000E+0	122.0000E+0	114.4991E+0	-1.8525E+0	61.8081E+0	34.0330E+0
69.4500E+0	123.0000E+0	113.9423E+0	-1.7821E+0	63.9354E+0	34.0236E+0
69.6000E+0	124.0000E+0	113.7454E+0	-1.8393E+0	61.8419E+0	34.0253E+0
69.7500E+0	125.0000E+0	113.8627E+0	-1.8782E+0	60.6241E+0	34.0303E+0
69.9000E+0	126.0000E+0	114.0031E+0	-1.9321E+0	59.0056E+0	34.0277E+0
70.0500E+0	127.0000E+0	113.8573E+0	-1.9107E+0	59.5882E+0	34.0101E+0
70.2000E+0	128.0000E+0	114.6183E+0	-1.9466E+0	58.8816E+0	34.0260E+0
70.3500E+0	129.0000E+0	114.2005E+0	-1.8357E+0	62.2123E+0	34.0162E+0
70.5000E+0	130.0000E+0	113.6070E+0	-1.6885E+0	67.2830E+0	34.0032E+0
70.6500E+0	131.0000E+0	113.4714E+0	-1.9331E+0	58.7000E+0	34.0103E+0
70.8000E+0	132.0000E+0	113.5628E+0	-1.8470E+0	61.4836E+0	34.0098E+0
70.9500E+0	133.0000E+0	113.7202E+0	-1.7641E+0	64.4619E+0	34.0104E+0
71.1000E+0	134.0000E+0	113.5459E+0	-1.7179E+0	66.0964E+0	34.0134E+0
71.2500E+0	135.0000E+0	113.0057E+0	-1.7447E+0	64.7715E+0	34.0016E+0
71.4000E+0	136.0000E+0	112.2525E+0	-1.7657E+0	63.5755E+0	34.0066E+0
71.5500E+0	137.0000E+0	112.0099E+0	-1.8387E+0	60.9173E+0	34.0010E+0
71.7000E+0	138.0000E+0	112.0908E+0	-1.9574E+0	57.2658E+0	34.0079E+0
71.8500E+0	139.0000E+0	111.9660E+0	-1.8366E+0	60.9651E+0	33.9927E+0
72.0000E+0	140.0000E+0	111.1984E+0	-1.8463E+0	60.2261E+0	33.9895E+0
72.1500E+0	141.0000E+0	111.5515E+0	-1.8784E+0	59.3861E+0	33.9787E+0
72.3000E+0	142.0000E+0	111.4674E+0	-1.8977E+0	58.7380E+0	33.9653E+0
72.4500E+0	143.0000E+0	111.6404E+0	-1.8518E+0	60.2861E+0	33.9768E+0
72.6000E+0	144.0000E+0	111.4102E+0	-1.9295E+0	57.7399E+0	33.9689E+0
72.7500E+0	145.0000E+0	111.4016E+0	-1.8515E+0	60.1669E+0	33.9717E+0
72.9000E+0	146.0000E+0	111.1164E+0	-1.7868E+0	62.1861E+0	33.9781E+0
73.0500E+0	147.0000E+0	110.6825E+0	-1.8550E+0	59.6683E+0	33.9793E+0
73.2000E+0	148.0000E+0	110.6886E+0	-1.7887E+0	61.8818E+0	33.9804E+0
73.3500E+0	149.0000E+0	110.6475E+0	-1.9011E+0	58.2031E+0	33.9986E+0
73.5000E+0	150.0000E+0	110.2406E+0	-1.8835E+0	58.5286E+0	34.0065E+0
73.6500E+0	151.0000E+0	109.8722E+0	-1.9456E+0	56.4726E+0	34.0157E+0
73.8000E+0	152.0000E+0	109.7127E+0	-1.8834E+0	58.2515E+0	34.0304E+0
73.9500E+0	153.0000E+0	109.6898E+0	-1.8274E+0	60.0263E+0	34.0268E+0
74.1000E+0	154.0000E+0	109.3947E+0	-1.8861E+0	58.0002E+0	34.0389E+0
74.2500E+0	155.0000E+0	108.7079E+0	-1.8613E+0	58.4030E+0	34.0333E+0
74.4000E+0	156.0000E+0	108.3487E+0	-1.8467E+0	58.6713E+0	34.0191E+0
74.5500E+0	157.0000E+0	108.2289E+0	-1.6979E+0	63.7439E+0	34.0167E+0
74.7000E+0	158.0000E+0	108.6690E+0	-1.8946E+0	57.3571E+0	34.0204E+0
74.8500E+0	159.0000E+0	108.1858E+0	-1.8566E+0	58.2723E+0	34.0059E+0
75.0005E+0	160.0033E+0	108.3063E+0	-1.9159E+0	56.5298E+0	34.0148E+0
75.1505E+0	161.0033E+0	108.6649E+0	-1.7368E+0	62.5666E+0	34.0424E+0
75.3005E+0	162.0033E+0	108.4703E+0	-1.7081E+0	63.5034E+0	34.0471E+0
75.4505E+0	163.0033E+0	108.4947E+0	-1.8667E+0	58.1222E+0	34.0461E+0
75.6005E+0	164.0033E+0	108.3783E+0	-1.9371E+0	55.9489E+0	34.0203E+0
75.7505E+0	165.0033E+0	108.3410E+0	-1.8957E+0	57.1510E+0	34.0263E+0
75.9005E+0	166.0033E+0	108.2884E+0	-1.8198E+0	59.5065E+0	34.0392E+0
76.0505E+0	167.0033E+0	107.9514E+0	-1.8602E+0	58.0334E+0	34.0304E+0
76.2005E+0	168.0033E+0	107.4707E+0	-1.8931E+0	56.7697E+0	34.0204E+0
76.3505E+0	169.0033E+0	106.3145E+0	-1.8343E+0	57.9577E+0	33.9929E+0
76.5005E+0	170.0033E+0	105.9785E+0	-2.0016E+0	52.9462E+0	33.9673E+0
76.6505E+0	171.0033E+0	106.4849E+0	-1.8204E+0	58.4940E+0	33.9734E+0
76.8005E+0	172.0033E+0	106.1811E+0	-1.9219E+0	55.2474E+0	33.9728E+0
76.9505E+0	173.0033E+0	106.3541E+0	-1.8511E+0	57.4558E+0	33.9925E+0
77.1005E+0	174.0033E+0	106.5400E+0	-1.8382E+0	57.9598E+0	33.9828E+0
77.2505E+0	175.0033E+0	106.5567E+0	-1.8481E+0	57.6581E+0	33.9873E+0
77.4005E+0	176.0033E+0	106.5079E+0	-1.8055E+0	58.9915E+0	34.0015E+0
77.5505E+0	177.0033E+0	106.4374E+0	-1.7821E+0	59.7257E+0	34.0016E+0
77.7005E+0	178.0033E+0	106.0592E+0	-1.7961E+0	59.0511E+0	33.9878E+0
77.8505E+0	179.0033E+0	105.4963E+0	-1.7680E+0	59.6687E+0	33.9933E+0
78.0005E+0	180.0033E+0	105.2391E+0	-1.8205E+0	57.8069E+0	33.9937E+0
78.1505E+0	181.0033E+0	104.5319E+0	-1.7787E+0	58.7683E+0	34.0085E+0
78.3005E+0	182.0033E+0	105.1627E+0	-1.9319E+0	54.4350E+0	34.0150E+0
78.4505E+0	183.0033E+0	105.2894E+0	-1.8673E+0	56.3844E+0	34.0308E+0
78.6005E+0	184.0033E+0	105.2306E+0	-1.8731E+0	56.1802E+0	34.0537E+0
78.7505E+0	185.0033E+0	104.4919E+0	-1.8772E+0	55.6633E+0	34.0601E+0
78.9005E+0	186.0033E+0	104.5865E+0	-1.9722E+0	53.0300E+0	34.0749E+0
79.0505E+0	187.0033E+0	104.2546E+0	-1.8539E+0	56.2352E+0	34.0699E+0
79.2005E+0	188.0033E+0	104.3771E+0	-1.9549E+0	53.3913E+0	34.0661E+0
79.3505E+0	189.0033E+0	103.9710E+0	-1.8646E+0	55.7608E+0	34.0553E+0
79.5010E+0	190.0067E+0	104.2340E+0	-1.9102E+0	54.5675E+0	34.0582E+0
79.6505E+0	191.0033E+0	103.6488E+0	-1.8879E+0	54.9012E+0	34.0492E+0
79.8005E+0	192.0033E+0	103.3478E+0	-1.8325E+0	56.3976E+0	34.0535E+0
79.9505E+0	193.0033E+0	104.0485E+0	-1.8471E+0	56.3311E+0	34.0693E+0
80.1005E+0	194.0033E+0	104.3203E+0	-1.8765E+0	55.5921E+0	34.0718E+0
80.2505E+0	195.0033E+0	104.0792E+0	-1.8506E+0	56.2394E+0	34.0736E+0
80.4005E+0	196.0033E+0	103.4209E+0	-1.8246E+0	56.6805E+0	34.0648E+0
80.5505E+0	197.0033E+0	103.4569E+0	-1.7055E+0	60.6614E+0	34.0829E+0
80.7005E+0	198.0033E+0	102.9531E+0	-1.7451E+0	58.9968E+0	34.0725E+0
80.8505E+0	199.0033E+0	102.1079E+0	-1.6442E+0	62.1005E+0	34.0530E+0
81.0005E+0	200.0033E+0	102.3903E+0	-1.7362E+0	58.9754E+0	34.0642E+0
81.1505E+0	201.0033E+0	102.6949E+0	-1.6643E+0	61.7038E+0	34.0727E+0
81.3005E+0	202.0033E+0	102.4158E+0	-1.8073E+0	56.6685E+0	34.0768E+0
81.4505E+0	203.0033E+0	102.4427E+0	-1.8315E+0	55.9325E+0	34.0756E+0
81.6005E+0	204.0033E+0	102.6887E+0	-1.9923E+0	51.5427E+0	34.0760E+0
81.7505E+0	205.0033E+0	102.5958E+0	-1.7799E+0	57.6412E+0	34.0699E+0
81.9005E+0	206.0033E+0	102.3545E+0	-1.8004E+0	56.8523E+0	34.0670E+0
82.0505E+0	207.0033E+0	102.3648E+0	-1.8517E+0	55.2810E+0	34.0603E+0
82.2005E+0	208.0033E+0	102.2179E+0	-1.8477E+0	55.3227E+0	34.0702E+0
82.3505E+0	209.0033E+0	102.1461E+0	-1.7582E+0	58.0976E+0	34.0687E+0
82.5005E+0	210.0033E+0	101.9447E+0	-1.6467E+0	61.9088E+0	34.0720E+0
82.6505E+0	211.0033E+0	101.1152E+0	-1.7346E+0	58.2935E+0	34.0746E+0
82.8005E+0	212.0033E+0	101.0433E+0	-1.8323E+0	55.1471E+0	34.0713E+0
82.9505E+0	213.0033E+0	101.6936E+0	-1.8615E+0	54.6311E+0	34.0877E+0
83.1005E+0	214.0033E+0	101.3795E+0	-1.8632E+0	54.4103E+0	34.0820E+0
83.2505E+0	215.0033E+0	101.6181E+0	-1.8240E+0	55.7120E+0	34.0969E+0
83.4005E+0	216.0033E+0	100.0759E+0	-1.7376E+0	57.5958E+0	34.0744E+0
83.5505E+0	217.0033E+0	99.9459E+0	-1.8408E+0	54.2941E+0	34.0499E+0
83.7005E+0	218.0033E+0	100.4795E+0	-1.8431E+0	54.5163E+0	34.0547E+0
83.8505E+0	219.0033E+0	100.5926E+0	-1.7646E+0	57.0052E+0	34.0519E+0
84.0005E+0	220.0033E+0	99.9319E+0	-1.8477E+0	54.0857E+0	34.0482E+0
84.1505E+0	221.0033E+0	100.3679E+0	-2.0015E+0	50.1467E+0	34.0456E+0
84.3005E+0	222.0033E+0	100.2778E+0	-1.9310E+0	51.9317E+0	34.0554E+0
84.4505E+0	223.0033E+0	100.6078E+0	-1.8828E+0	53.4361E+0	34.0530E+0
84.6005E+0	224.0033E+0	100.4085E+0	-1.7469E+0	57.4769E+0	34.0387E+0
84.7505E+0	225.0033E+0	99.8841E+0	-1.9309E+0	51.7298E+0	34.0330E+0
84.9005E+0	226.0033E+0	99.2477E+0	-1.7631E+0	56.2912E+0	34.0354E+0
85.0505E+0	227.0033E+0	99.3496E+0	-1.9064E+0	52.1150E+0	34.0473E+0
85.2005E+0	228.0033E+0	98.9529E+0	-1.8893E+0	52.3752E+0	34.0485E+0
85.3510E+0	229.0067E+0	98.8493E+0	-1.7401E+0	56.8055E+0	34.0671E+0
85.5005E+0	230.0033E+0	98.9340E+0	-1.8411E+0	53.7356E+0	34.0776E+0
85.6505E+0	231.0033E+0	98.7649E+0	-1.8156E+0	54.3981E+0	34.0916E+0
85.8005E+0	232.0033E+0	99.2669E+0	-1.8428E+0	53.8684E+0	34.1092E+0
85.9505E+0	233.0033E+0	99.1119E+0	-1.7999E+0	55.0657E+0	34.1089E+0
86.1005E+0	234.0033E+0	99.2843E+0	-1.8262E+0	54.3653E+0	34.1088E+0
86.2505E+0	235.0033E+0	99.1510E+0	-1.7137E+0	57.8572E+0	34.1039E+0
86.4005E+0	236.0033E+0	98.8791E+0	-1.9057E+0	51.8862E+0	34.1007E+0
86.5505E+0	237.0033E+0	98.7305E+0	-1.8615E+0	53.0377E+0	34.1018E+0
86.7005E+0	238.0033E+0	98.3010E+0	-1.7373E+0	56.5827E+0	34.0624E+0
86.8505E+0	239.0033E+0	98.2351E+0	-1.9040E+0	51.5944E+0	34.0712E+0
87.0005E+0	240.0033E+0	98.0251E+0	-1.8511E+0	52.9538E+0	34.0830E+0
87.1505E+0	241.0033E+0	97.9355E+0	-1.8041E+0	54.2853E+0	34.0758E+0
87.3005E+0	242.0033E+0	97.5333E+0	-1.7120E+0	56.9690E+0	34.0672E+0
87.4505E+0	243.0033E+0	97.0851E+0	-1.8532E+0	52.3875E+0	34.0588E+0
87.6005E+0	244.0033E+0	96.9370E+0	-1.8168E+0	53.3553E+0	34.0574E+0
87.7505E+0	245.0033E+0	96.3790E+0	-1.8969E+0	50.8092E+0	34.0526E+0
87.9005E+0	246.0033E+0	96.4208E+0	-1.9099E+0	50.4856E+0	34.0611E+0
88.0505E+0	247.0033E+0	96.2040E+0	-1.8337E+0	52.4659E+0	34.0488E+0
88.2005E+0	248.0033E+0	96.1980E+0	-1.9059E+0	50.4730E+0	34.0564E+0
88.3505E+0	249.0033E+0	96.0237E+0	-1.8403E+0	52.1775E+0	34.0454E+0
88.5005E+0	250.0033E+0	95.9691E+0	-1.8275E+0	52.5147E+0	34.0338E+0
88.6505E+0	251.0033E+0	95.8109E+0	-1.8900E+0	50.6935E+0	34.0235E+0
88.8005E+0	252.0033E+0	95.7212E+0	-1.8331E+0	52.2181E+0	34.0162E+0
88.9505E+0	253.0033E+0	95.9532E+0	-1.7951E+0	53.4529E+0	34.0270E+0
89.1005E+0	254.0033E+0	95.9031E+0	-1.6748E+0	57.2619E+0	34.0298E+0
89.2505E+0	255.0033E+0	95.8667E+0	-1.8578E+0	51.6026E+0	34.0237E+0
89.4005E+0	256.0033E+0	95.8851E+0	-1.9418E+0	49.3783E+0	34.0180E+0
89.5505E+0	257.0033E+0	95.3504E+0	-1.7727E+0	53.7895E+0	34.0186E+0
89.7005E+0	258.0033E+0	95.1265E+0	-1.8251E+0	52.1226E+0	34.0091E+0
89.8505E+0	259.0033E+0	94.7889E+0	-1.7282E+0	54.8473E+0	33.9934E+0
90.0005E+0	260.0033E+0	94.9459E+0	-1.8824E+0	50.4378E+0	33.9886E+0
90.1505E+0	261.0033E+0	94.7645E+0	-1.8344E+0	51.6596E+0	34.0062E+0
90.3005E+0	262.0033E+0	94.4876E+0	-1.7569E+0	53.7809E+0	34.0121E+0
90.4505E+0	263.0033E+0	93.7811E+0	-1.8873E+0	49.6909E+0	33.9857E+0
90.6005E+0	264.0033E+0	94.3240E+0	-1.9181E+0	49.1749E+0	34.0173E+0
90.7505E+0	265.0033E+0	94.5223E+0	-1.9651E+0	48.1011E+0	34.0260E+0
90.9005E+0	266.0033E+0	94.6616E+0	-1.9224E+0	49.2425E+0	34.0389E+0
91.0505E+0	267.0033E+0	94.5090E+0	-1.7729E+0	53.3071E+0	34.0428E+0
91.2005E+0	268.0033E+0	94.4220E+0	-1.7674E+0	53.4246E+0	34.0505E+0
91.3505E+0	269.0033E+0	94.4676E+0	-1.8098E+0	52.1972E+0	34.0494E+0
91.5005E+0	270.0033E+0	94.2420E+0	-1.6985E+0	55.4859E+0	34.0335E+0
91.6505E+0	271.0033E+0	93.6931E+0	-1.7538E+0	53.4228E+0	34.0275E+0
91.8005E+0	272.0033E+0	93.3401E+0	-1.8129E+0	51.4874E+0	34.0385E+0
91.9505E+0	273.0033E+0	92.9226E+0	-1.7532E+0	53.0020E+0	34.0366E+0
92.1005E+0	274.0033E+0	93.1323E+0	-1.8736E+0	49.7072E+0	34.0335E+0
92.2505E+0	275.0033E+0	92.6825E+0	-1.7710E+0	52.3332E+0	34.0329E+0
92.4005E+0	276.0033E+0	92.6043E+0	-1.7112E+0	54.1152E+0	34.0450E+0
92.5505E+0	277.0033E+0	92.6846E+0	-1.8854E+0	49.1589E+0	34.0562E+0
92.7005E+0	278.0033E+0	92.5662E+0	-1.8259E+0	50.6957E+0	34.0562E+0
92.8505E+0	279.0033E+0	92.5312E+0	-1.7999E+0	51.4089E+0	34.0583E+0
93.0005E+0	280.0033E+0	92.1712E+0	-1.7866E+0	51.5906E+0	34.0413E+0
93.1505E+0	281.0033E+0	92.3986E+0	-1.8443E+0	50.1007E+0	34.0473E+0
93.3005E+0	282.0033E+0	92.2231E+0	-1.7476E+0	52.7707E+0	34.0326E+0
93.4505E+0	283.0033E+0	92.1437E+0	-1.7777E+0	51.8332E+0	34.0279E+0
93.6005E+0	284.0033E+0	92.1362E+0	-1.9094E+0	48.2541E+0	34.0402E+0
93.7505E+0	285.0033E+0	92.3998E+0	-1.7916E+0	51.5734E+0	34.0502E+0
93.9005E+0	286.0033E+0	92.2043E+0	-1.8675E+0	49.3745E+0	34.0422E+0
94.0505E+0	287.0033E+0	91.9718E+0	-1.9196E+0	47.9117E+0	34.0389E+0
94.2005E+0	288.0033E+0	91.3702E+0	-1.6932E+0	53.9622E+0	34.0423E+0
94.3505E+0	289.0033E+0	91.1395E+0	-1.7695E+0	51.5068E+0	34.0598E+0
94.5005E+0	290.0033E+0	90.6818E+0	-1.8001E+0	50.3771E+0	34.0527E+0
94.6505E+0	291.0033E+0	90.1608E+0	-1.6935E+0	53.2391E+0	34.0345E+0
94.8005E+0	292.0033E+0	89.7974E+0	-1.6282E+0	55.1520E+0	34.0315E+0
94.9505E+0	293.0033E+0	89.9958E+0	-1.8107E+0	49.7018E+0	34.0373E+0
95.1005E+0	294.0033E+0	90.0788E+0	-1.7245E+0	52.2353E+0	34.0609E+0
95.2505E+0	295.0033E+0	90.4027E+0	-1.7544E+0	51.5295E+0	34.0645E+0
95.4005E+0	296.0033E+0	90.1057E+0	-1.7593E+0	51.2158E+0	34.0431E+0
95.5505E+0	297.0033E+0	90.0619E+0	-1.8177E+0	49.5476E+0	34.0431E+0
95.7005E+0	298.0033E+0	89.9263E+0	-1.8794E+0	47.8477E+0	34.0363E+0
95.8505E+0	299.0033E+0	89.7988E+0	-1.8132E+0	49.5244E+0	34.0347E+0
96.0005E+0	300.0033E+0	89.9615E+0	-1.8229E+0	49.3501E+0	34.0385E+0
96.1505E+0	301.0033E+0	89.8686E+0	-1.8415E+0	48.8024E+0	34.0384E+0
96.3005E+0	302.0033E+0	89.7954E+0	-1.6503E+0	54.4116E+0	34.0523E+0
96.4505E+0	303.0033E+0	89.6138E+0	-1.8310E+0	48.9427E+0	34.0509E+0
96.6005E+0	304.0033E+0	89.1949E+0	-1.8128E+0	49.2039E+0	34.0554E+0
96.7505E+0	305.0033E+0	89.2367E+0	-1.7933E+0	49.7620E+0	34.0629E+0
96.9005E+0	306.0033E+0	88.9804E+0	-1.8015E+0	49.3923E+0	34.0429E+0
97.0505E+0	307.0033E+0	88.6199E+0	-1.8132E+0	48.8744E+0	34.0273E+0
97.2005E+0	308.0033E+0	88.5979E+0	-1.6614E+0	53.3265E+0	34.0305E+0
97.3505E+0	309.0033E+0	88.0598E+0	-1.7629E+0	49.9514E+0	34.0230E+0
97.5005E+0	310.0033E+0	88.2067E+0	-1.6989E+0	51.9212E+0	34.0182E+0
97.6505E+0	311.0033E+0	88.1083E+0	-1.7246E+0	51.0905E+0	34.0279E+0
97.8005E+0	312.0033E+0	88.2058E+0	-1.8646E+0	47.3052E+0	34.0252E+0
97.9505E+0	313.0033E+0	88.4077E+0	-1.8907E+0	46.7594E+0	34.0231E+0
98.1005E+0	314.0033E+0	88.1986E+0	-1.7601E+0	50.1110E+0	34.0171E+0
98.2505E+0	315.0033E+0	88.2189E+0	-1.6862E+0	52.3188E+0	34.0314E+0
98.4005E+0	316.0033E+0	87.7031E+0	-1.7948E+0	48.8638E+0	34.0188E+0
98.5505E+0	317.0033E+0	87.5744E+0	-1.7955E+0	48.7730E+0	34.0098E+0
98.7005E+0	318.0033E+0	87.3946E+0	-1.7731E+0	49.2893E+0	34.0002E+0
98.8505E+0	319.0033E+0	87.2790E+0	-1.7845E+0	48.9099E+0	34.0131E+0
99.0005E+0	320.0033E+0	87.3241E+0	-1.7815E+0	49.0178E+0	34.0283E+0
99.1505E+0	321.0033E+0	86.9696E+0	-1.8201E+0	47.7835E+0	34.0407E+0
99.3005E+0	322.0033E+0	86.3650E+0	-1.6921E+0	51.0414E+0	34.0471E+0
99.4505E+0	323.0033E+0	86.9133E+0	-1.6637E+0	52.2418E+0	34.0660E+0
99.6005E+0	324.0033E+0	86.8037E+0	-1.9238E+0	45.1219E+0	34.0639E+0
99.7505E+0	325.0033E+0	86.6376E+0	-1.8187E+0	47.6380E+0	34.0440E+0
99.9005E+0	326.0033E+0	86.8375E+0	-1.7949E+0	48.3807E+0	34.0435E+0
100.0505E+0	327.0033E+0	86.7379E+0	-1.7685E+0	49.0449E+0	34.0347E+0
100.2005E+0	328.0033E+0	86.4776E+0	-1.8595E+0	46.5066E+0	34.0475E+0
100.3505E+0	329.0033E+0	86.9547E+0	-1.8530E+0	46.9272E+0	34.0657E+0
100.5005E+0	330.0033E+0	86.6085E+0	-1.6862E+0	51.3646E+0	34.0539E+0
100.6505E+0	331.0033E+0	86.3875E+0	-1.6794E+0	51.4409E+0	34.0496E+0
100.8005E+0	332.0033E+0	86.4530E+0	-1.8106E+0	47.7484E+0	34.0381E+0
100.9505E+0	333.0033E+0	86.0589E+0	-1.7674E+0	48.6926E+0	34.0211E+0
101.1005E+0	334.0033E+0	85.5986E+0	-1.7084E+0	50.1044E+0	34.0051E+0
101.2505E+0	335.0033E+0	85.3498E+0	-1.7134E+0	49.8139E+0	34.0010E+0
101.4005E+0	336.0033E+0	85.1677E+0	-1.7263E+0	49.3353E+0	33.9980E+0
101.5505E+0	337.0033E+0	84.8842E+0	-1.7229E+0	49.2679E+0	33.9716E+0
101.7005E+0	338.0033E+0	84.9360E+0	-1.9687E+0	43.1436E+0	33.9832E+0
101.8505E+0	339.0033E+0	84.6731E+0	-1.8315E+0	46.2315E+0	33.9913E+0
102.0005E+0	340.0033E+0	84.9434E+0	-1.7813E+0	47.6850E+0	34.0043E+0
102.1505E+0	341.0033E+0	84.8109E+0	-1.8355E+0	46.2062E+0	33.9957E+0
102.3005E+0	342.0033E+0	84.6043E+0	-1.8350E+0	46.1046E+0	33.9965E+0
102.4505E+0	343.0033E+0	84.7174E+0	-1.6913E+0	50.0896E+0	33.9943E+0
102.6005E+0	344.0033E+0	84.6215E+0	-1.8129E+0	46.6763E+0	33.9927E+0
102.7505E+0	345.0033E+0	84.7194E+0	-1.6950E+0	49.9805E+0	34.0140E+0
102.9005E+0	346.0033E+0	84.4533E+0	-1.7591E+0	48.0082E+0	34.0079E+0
103.0505E+0	347.0033E+0	84.3854E+0	-1.7721E+0	47.6182E+0	34.0046E+0
103.2005E+0	348.0033E+0	84.3704E+0	-1.8038E+0	46.7730E+0	34.0290E+0
103.3505E+0	349.0033E+0	84.4704E+0	-1.7330E+0	48.7420E+0	34.0511E+0
103.5005E+0	350.0033E+0	84.2999E+0	-1.7376E+0	48.5160E+0	34.0244E+0
103.6505E+0	351.0033E+0	83.6969E+0	-1.7703E+0	47.2772E+0	34.0012E+0
103.8005E+0	352.0033E+0	83.6027E+0	-1.8435E+0	45.3489E+0	34.0099E+0
103.9505E+0	353.0033E+0	83.4714E+0	-1.8497E+0	45.1268E+0	34.0226E+0
104.1005E+0	354.0033E+0	83.5050E+0	-1.8200E+0	45.8825E+0	34.0319E+0
104.2505E+0	355.0033E+0	83.1990E+0	-1.8358E+0	45.3193E+0	34.0350E+0
104.4005E+0	356.0033E+0	83.4849E+0	-1.8048E+0	46.2579E+0	34.0322E+0
104.5505E+0	357.0033E+0	83.2285E+0	-1.8273E+0	45.5481E+0	34.0339E+0
104.7005E+0	358.0033E+0	83.0739E+0	-1.7491E+0	47.4954E+0	34.0416E+0
104.8505E+0	359.0033E+0	83.0542E+0	-1.7278E+0	48.0690E+0	34.0456E+0
105.0005E+0	360.0033E+0	83.1768E+0	-1.7155E+0	48.4853E+0	34.0362E+0
105.1505E+0	361.0033E+0	82.9418E+0	-1.7630E+0	47.0464E+0	34.0190E+0
105.3005E+0	362.0033E+0	83.1619E+0	-1.6952E+0	49.0586E+0	34.0328E+0
105.4505E+0	363.0033E+0	82.9000E+0	-1.8040E+0	45.9533E+0	34.0395E+0
105.6005E+0	364.0033E+0	82.3108E+0	-1.8469E+0	44.5673E+0	34.0311E+0
105.7505E+0	365.0033E+0	82.6363E+0	-1.7342E+0	47.6499E+0	34.0433E+0
105.9005E+0	366.0033E+0	82.3248E+0	-1.7296E+0	47.6285E+0	34.0416E+0
106.0505E+0	367.0033E+0	81.9364E+0	-1.9617E+0	41.7685E+0	34.0414E+0
106.2005E+0	368.0033E+0	81.7194E+0	-1.7790E+0	45.9357E+0	34.0438E+0
106.3505E+0	369.0033E+0	81.6628E+0	-1.8002E+0	45.3634E+0	34.0491E+0
106.5005E+0	370.0033E+0	81.3556E+0	-1.7461E+0	46.5927E+0	34.0511E+0
106.6505E+0	371.0033E+0	81.4523E+0	-1.7713E+0	45.9841E+0	34.0376E+0
106.8005E+0	372.0033E+0	81.7963E+0	-1.7015E+0	48.0732E+0	34.0273E+0
106.9505E+0	373.0033E+0	81.6561E+0	-1.6608E+0	49.1653E+0	34.0133E+0
107.1005E+0	374.0033E+0	81.9668E+0	-1.9118E+0	42.8733E+0	34.0328E+0
107.2505E+0	375.0033E+0	81.7057E+0	-1.8768E+0	43.5344E+0	34.0385E+0
107.4005E+0	376.0033E+0	81.2294E+0	-1.7716E+0	45.8505E+0	34.0209E+0
107.5505E+0	377.0033E+0	81.3554E+0	-1.8502E+0	43.9703E+0	34.0159E+0
107.7005E+0	378.0033E+0	81.4834E+0	-1.8378E+0	44.3366E+0	34.0520E+0
107.8505E+0	379.0033E+0	81.0748E+0	-1.8035E+0	44.9544E+0	34.0470E+0
108.0005E+0	380.0033E+0	80.9621E+0	-1.7652E+0	45.8656E+0	34.0469E+0
108.1505E+0	381.0033E+0	80.5943E+0	-1.7140E+0	47.0200E+0	34.0214E+0
108.3005E+0	382.0033E+0	80.0754E+0	-1.5617E+0	51.2754E+0	34.0143E+0
108.4505E+0	383.0033E+0	79.6589E+0	-1.7297E+0	46.0530E+0	34.0124E+0
108.6005E+0	384.0033E+0	79.7364E+0	-1.8418E+0	43.2935E+0	34.0176E+0
108.7505E+0	385.0033E+0	79.9568E+0	-1.8330E+0	43.6206E+0	34.0180E+0
108.9005E+0	386.0033E+0	79.6770E+0	-1.7572E+0	45.3421E+0	33.9950E+0
109.0505E+0	387.0033E+0	79.5932E+0	-1.7719E+0	44.9197E+0	33.9808E+0
109.2005E+0	388.0033E+0	79.9679E+0	-1.7283E+0	46.2694E+0	33.9764E+0
109.3505E+0	389.0033E+0	79.8631E+0	-1.7421E+0	45.8423E+0	33.9672E+0
109.5005E+0	390.0033E+0	79.8058E+0	-1.6605E+0	48.0602E+0	33.9692E+0
109.6505E+0	391.0033E+0	79.7985E+0	-1.7298E+0	46.1327E+0	33.9778E+0
109.8005E+0	392.0033E+0	79.6225E+0	-1.8544E+0	42.9372E+0	33.9889E+0
109.9505E+0	393.0033E+0	79.6333E+0	-1.8702E+0	42.5809E+0	34.0040E+0
110.1005E+0	394.0033E+0	79.8164E+0	-1.8349E+0	43.4985E+0	34.0236E+0
110.2505E+0	395.0033E+0	79.1184E+0	-1.7594E+0	44.9682E+0	34.0152E+0
110.4005E+0	396.0033E+0	79.0272E+0	-1.8346E+0	43.0760E+0	34.0151E+0
110.5505E+0	397.0033E+0	78.6189E+0	-1.8229E+0	43.1278E+0	34.0203E+0
110.7005E+0	398.0033E+0	78.6090E+0	-1.7906E+0	43.9006E+0	34.0159E+0
110.8505E+0	399.0033E+0	77.9920E+0	-1.7135E+0	45.5156E+0	33.9879E+0
111.0005E+0	400.0033E+0	78.1717E+0	-1.8141E+0	43.0903E+0	33.9926E+0
111.1505E+0	401.0033E+0	78.0645E+0	-1.8518E+0	42.1556E+0	33.9948E+0
111.3005E+0	402.0033E+0	77.9916E+0	-1.6255E+0	47.9810E+0	33.9866E+0
111.4505E+0	403.0033E+0	77.9844E+0	-1.7846E+0	43.6988E+0	33.9950E+0
111.6005E+0	404.0033E+0	78.1032E+0	-1.8197E+0	42.9209E+0	33.9983E+0
111.7505E+0	405.0033E+0	77.9725E+0	-1.7606E+0	44.2864E+0	33.9844E+0
111.9005E+0	406.0033E+0	77.9036E+0	-1.7924E+0	43.4627E+0	33.9829E+0
112.0505E+0	407.0033E+0	78.1329E+0	-1.9027E+0	41.0647E+0	33.9742E+0
112.2005E+0	408.0033E+0	77.8320E+0	-1.7610E+0	44.1964E+0	33.9709E+0
112.3505E+0	409.0033E+0	77.7260E+0	-1.7724E+0	43.8547E+0	33.9942E+0
112.5005E+0	410.0033E+0	77.5656E+0	-1.7469E+0	44.4031E+0	34.0006E+0
112.6505E+0	411.0033E+0	77.2699E+0	-1.7157E+0	45.0379E+0	34.0032E+0
112.8005E+0	412.0033E+0	76.7979E+0	-1.6996E+0	45.1866E+0	33.9748E+0
112.9505E+0	413.0033E+0	76.7108E+0	-1.7704E+0	43.3290E+0	33.9726E+0
113.1005E+0	414.0033E+0	76.5311E+0	-1.7112E+0	44.7229E+0	33.9805E+0
113.2505E+0	415.0033E+0	76.3356E+0	-1.7964E+0	42.4822E+0	33.9862E+0
113.4005E+0	416.0033E+0	76.6434E+0	-1.6344E+0	46.8932E+0	34.0005E+0
113.5505E+0	417.0033E+0	76.4248E+0	-1.7399E+0	43.9250E+0	34.0018E+0
113.7005E+0	418.0033E+0	76.3182E+0	-1.7535E+0	43.5226E+0	33.9861E+0
113.8505E+0	419.0033E+0	76.6085E+0	-1.6599E+0	46.1537E+0	33.9741E+0
114.0005E+0	420.0033E+0	76.9684E+0	-1.7574E+0	43.7970E+0	33.9829E+0
114.1505E+0	421.0033E+0	76.8398E+0	-1.7382E+0	44.2072E+0	33.9682E+0
114.3005E+0	422.0033E+0	76.5946E+0	-1.7168E+0	44.6138E+0	33.9559E+0
114.4505E+0	423.0033E+0	76.4309E+0	-1.8775E+0	40.7080E+0	33.9432E+0
114.6005E+0	424.0033E+0	76.0545E+0	-1.8262E+0	41.6473E+0	33.9262E+0
114.7505E+0	425.0033E+0	75.6688E+0	-1.7039E+0	44.4086E+0	33.9127E+0
114.9005E+0	426.0033E+0	75.0093E+0	-1.7949E+0	41.7895E+0	33.9014E+0
115.0505E+0	427.0033E+0	75.3313E+0	-1.8655E+0	40.3803E+0	33.9208E+0
115.2005E+0	428.0033E+0	75.3196E+0	-1.8876E+0	39.9027E+0	33.9206E+0
115.3505E+0	429.0033E+0	74.5476E+0	-1.8194E+0	40.9738E+0	33.8991E+0
115.5005E+0	430.0033E+0	74.3572E+0	-1.7417E+0	42.6931E+0	33.8960E+0
115.6505E+0	431.0033E+0	74.6221E+0	-1.8032E+0	41.3839E+0	33.9249E+0
115.8005E+0	432.0033E+0	74.7328E+0	-1.7800E+0	41.9857E+0	33.9285E+0
115.9505E+0	433.0033E+0	74.4554E+0	-1.8017E+0	41.3254E+0	33.9120E+0
116.1005E+0	434.0033E+0	74.9374E+0	-1.7183E+0	43.6119E+0	33.9224E+0
116.2505E+0	435.0033E+0	75.1982E+0	-1.6508E+0	45.5525E+0	33.9418E+0
116.4005E+0	436.0033E+0	75.2412E+0	-1.5912E+0	47.2871E+0	33.9557E+0
116.5505E+0	437.0033E+0	75.2736E+0	-1.7962E+0	41.9081E+0	33.9717E+0
116.7005E+0	438.0033E+0	75.3086E+0	-1.7894E+0	42.0849E+0	33.9841E+0
116.8505E+0	439.0033E+0	74.8028E+0	-1.7670E+0	42.3329E+0	33.9870E+0
117.0005E+0	440.0033E+0	74.7996E+0	-1.7348E+0	43.1173E+0	33.9910E+0
117.1505E+0	441.0033E+0	74.3193E+0	-1.8052E+0	41.1689E+0	33.9683E+0
117.3005E+0	442.0033E+0	73.6686E+0	-1.7962E+0	41.0136E+0	33.9582E+0
117.4505E+0	443.0033E+0	73.5914E+0	-1.6255E+0	45.2739E+0	33.9863E+0
117.6005E+0	444.0033E+0	73.5588E+0	-1.6084E+0	45.7340E+0	34.0034E+0
117.7505E+0	445.0033E+0	73.5156E+0	-1.7062E+0	43.0884E+0	34.0252E+0
117.9005E+0	446.0033E+0	73.6667E+0	-1.8601E+0	39.6039E+0	34.0451E+0
118.0505E+0	447.0033E+0	73.7355E+0	-1.7168E+0	42.9481E+0	34.0388E+0
118.2005E+0	448.0033E+0	73.9417E+0	-1.8920E+0	39.0818E+0	34.0470E+0
118.3505E+0	449.0033E+0	73.7179E+0	-1.8931E+0	38.9396E+0	34.0403E+0
118.5005E+0	450.0033E+0	74.0511E+0	-1.7791E+0	41.6231E+0	34.0500E+0
118.6505E+0	451.0033E+0	74.1258E+0	-1.8997E+0	39.0199E+0	34.0650E+0
118.8005E+0	452.0033E+0	74.0262E+0	-1.8346E+0	40.3492E+0	34.0777E+0
118.9505E+0	453.0033E+0	73.9341E+0	-1.7893E+0	41.3194E+0	34.0838E+0
119.1005E+0	454.0033E+0	73.9275E+0	-1.8073E+0	40.9050E+0	34.0918E+0
119.2505E+0	455.0033E+0	73.6372E+0	-1.8170E+0	40.5258E+0	34.0930E+0
119.4005E+0	456.0033E+0	73.1199E+0	-1.8248E+0	40.0710E+0	34.0886E+0
119.5505E+0	457.0033E+0	72.9131E+0	-1.7959E+0	40.6001E+0	34.0806E+0
119.7005E+0	458.0033E+0	72.5266E+0	-1.6306E+0	44.4794E+0	34.0707E+0
119.8505E+0	459.0033E+0	72.2753E+0	-1.7356E+0	41.6432E+0	34.0763E+0
120.0005E+0	460.0033E+0	72.1234E+0	-1.8078E+0	39.8956E+0	34.0556E+0
120.1505E+0	461.0033E+0	72.0779E+0	-1.7464E+0	41.2734E+0	34.0580E+0
120.3005E+0	462.0033E+0	72.2841E+0	-1.8940E+0	38.1656E+0	34.0727E+0
120.4505E+0	463.0033E+0	72.2242E+0	-1.6746E+0	43.1305E+0	34.0627E+0
120.6005E+0	464.0033E+0	72.3066E+0	-1.7407E+0	41.5383E+0	34.0576E+0
120.7505E+0	465.0033E+0	72.4267E+0	-1.8505E+0	39.1400E+0	34.0606E+0
120.9005E+0	466.0033E+0	72.7109E+0	-1.9557E+0	37.1784E+0	34.0598E+0
121.0505E+0	467.0033E+0	72.4482E+0	-1.7480E+0	41.4454E+0	34.0565E+0
121.2005E+0	468.0033E+0	72.4507E+0	-1.7615E+0	41.1308E+0	34.0516E+0
121.3505E+0	469.0033E+0	72.3823E+0	-1.8260E+0	39.6406E+0	34.0464E+0
121.5005E+0	470.0033E+0	72.0597E+0	-1.7015E+0	42.3495E+0	34.0396E+0
121.6505E+0	471.0033E+0	71.7488E+0	-1.7020E+0	42.1550E+0	34.0412E+0
121.8005E+0	472.0033E+0	71.5393E+0	-1.7221E+0	41.5421E+0	34.0490E+0
121.9505E+0	473.0033E+0	71.5370E+0	-1.7450E+0	40.9957E+0	34.0597E+0
122.1005E+0	474.0033E+0	71.3193E+0	-1.6602E+0	42.9573E+0	34.0637E+0
122.2505E+0	475.0033E+0	70.7882E+0	-1.7638E+0	40.1348E+0	34.0579E+0
122.4005E+0	476.0033E+0	70.9273E+0	-1.8405E+0	38.5367E+0	34.0481E+0
122.5505E+0	477.0033E+0	70.8196E+0	-1.7926E+0	39.5057E+0	34.0533E+0
122.7005E+0	478.0033E+0	70.7592E+0	-1.6379E+0	43.2016E+0	34.0543E+0
122.8505E+0	479.0033E+0	71.4313E+0	-1.7366E+0	41.1339E+0	34.0669E+0
123.0005E+0	480.0033E+0	70.9637E+0	-1.8260E+0	38.8631E+0	34.0502E+0
123.1505E+0	481.0033E+0	70.9628E+0	-1.6374E+0	43.3376E+0	34.0389E+0
123.3005E+0	482.0033E+0	70.9628E+0	-1.6448E+0	43.1445E+0	34.0487E+0
123.4505E+0	483.0033E+0	71.0215E+0	-1.6618E+0	42.7374E+0	34.0493E+0
123.6005E+0	484.0033E+0	71.0866E+0	-1.7803E+0	39.9290E+0	34.0575E+0
123.7505E+0	485.0033E+0	71.1618E+0	-1.7553E+0	40.5401E+0	34.0807E+0
123.9005E+0	486.0033E+0	70.8996E+0	-1.8406E+0	38.5204E+0	34.0991E+0
124.0505E+0	487.0033E+0	70.5728E+0	-1.8390E+0	38.3749E+0	34.1022E+0
124.2005E+0	488.0033E+0	70.0224E+0	-1.7664E+0	39.6411E+0	34.0971E+0
124.3505E+0	489.0033E+0	69.6484E+0	-1.8721E+0	37.2031E+0	34.0986E+0
124.5005E+0	490.0033E+0	69.7948E+0	-1.9379E+0	36.0162E+0	34.1042E+0
124.6505E+0	491.0033E+0	69.7073E+0	-1.6927E+0	41.1811E+0	34.0917E+0
124.8005E+0	492.0033E+0	69.7874E+0	-1.6479E+0	42.3484E+0	34.0948E+0
124.9505E+0	493.0033E+0	69.7302E+0	-1.7160E+0	40.6360E+0	34.0987E+0
125.1010E+0	494.0067E+0	69.7283E+0	-1.7763E+0	39.2553E+0	34.0929E+0
125.2510E+0	495.0067E+0	69.7227E+0	-1.7437E+0	39.9857E+0	34.0819E+0
125.4010E+0	496.0067E+0	69.6620E+0	-1.6960E+0	41.0751E+0	34.0725E+0
125.5510E+0	497.0067E+0	69.8910E+0	-1.6908E+0	41.3364E+0	34.0807E+0
125.7010E+0	498.0067E+0	69.9060E+0	-1.6198E+0	43.1571E+0	34.0832E+0
125.8510E+0	499.0067E+0	69.7310E+0	-1.6788E+0	41.5358E+0	34.0849E+0
126.0010E+0	500.0067E+0	69.6458E+0	-1.7481E+0	39.8415E+0	34.0764E+0
126.1510E+0	501.0067E+0	69.3982E+0	-1.6570E+0	41.8812E+0	34.0663E+0
126.3010E+0	502.0067E+0	68.6983E+0	-1.7204E+0	39.9314E+0	34.0458E+0
126.4510E+0	503.0067E+0	68.5977E+0	-1.8614E+0	36.8531E+0	34.0586E+0
126.6010E+0	504.0067E+0	68.4487E+0	-1.7920E+0	38.1977E+0	34.0952E+0
126.7510E+0	505.0067E+0	68.3374E+0	-1.7495E+0	39.0611E+0	34.0993E+0
126.9010E+0	506.0067E+0	68.1348E+0	-1.8008E+0	37.8365E+0	34.0825E+0
127.0510E+0	507.0067E+0	67.6852E+0	-1.7947E+0	37.7144E+0	34.0532E+0
127.2010E+0	508.0067E+0	67.8124E+0	-1.6992E+0	39.9091E+0	34.0449E+0
127.3510E+0	509.0067E+0	68.0526E+0	-1.7893E+0	38.0328E+0	34.0456E+0
127.5010E+0	510.0067E+0	68.1057E+0	-1.7903E+0	38.0406E+0	34.0426E+0
127.6510E+0	511.0067E+0	68.0692E+0	-1.7342E+0	39.2510E+0	34.0204E+0
127.8010E+0	512.0067E+0	68.1020E+0	-1.6787E+0	40.5679E+0	34.0163E+0
127.9510E+0	513.0067E+0	68.4766E+0	-1.6760E+0	40.8568E+0	34.0430E+0
128.1010E+0	514.0067E+0	68.2664E+0	-1.6808E+0	40.6158E+0	34.0598E+0
128.2510E+0	515.0067E+0	68.3204E+0	-1.6930E+0	40.3548E+0	34.0626E+0
128.4010E+0	516.0067E+0	67.8363E+0	-1.7463E+0	38.8459E+0	34.0468E+0
128.5510E+0	517.0067E+0	67.6949E+0	-1.7364E+0	38.9853E+0	34.0446E+0
128.7010E+0	518.0067E+0	67.8484E+0	-1.8335E+0	37.0048E+0	34.0631E+0
128.8510E+0	519.0067E+0	67.6506E+0	-1.8609E+0	36.3530E+0	34.0748E+0
129.0010E+0	520.0067E+0	67.1636E+0	-1.8304E+0	36.6938E+0	34.0737E+0
129.1510E+0	521.0067E+0	66.7365E+0	-1.8436E+0	36.1981E+0	34.0646E+0
129.3010E+0	522.0067E+0	66.8102E+0	-1.8272E+0	36.5651E+0	34.0810E+0
129.4510E+0	523.0067E+0	66.6828E+0	-1.7502E+0	38.0994E+0	34.0883E+0
129.6010E+0	524.0067E+0	66.9298E+0	-1.7761E+0	37.6838E+0	34.1095E+0
129.7510E+0	525.0067E+0	66.7784E+0	-1.8374E+0	36.3443E+0	34.1149E+0
129.9010E+0	526.0067E+0	66.7504E+0	-1.8403E+0	36.2708E+0	34.1096E+0
130.0510E+0	527.0067E+0	67.1440E+0	-1.6981E+0	39.5407E+0	34.0961E+0
130.2010E+0	528.0067E+0	67.1062E+0	-1.7158E+0	39.1100E+0	34.0922E+0
130.3510E+0	529.0067E+0	66.9911E+0	-1.7521E+0	38.2356E+0	34.0829E+0
130.5010E+0	530.0067E+0	66.6154E+0	-1.6724E+0	39.8329E+0	34.0597E+0
130.6510E+0	531.0067E+0	66.7579E+0	-1.7978E+0	37.1336E+0	34.0718E+0
130.8010E+0	532.0067E+0	66.5856E+0	-1.7964E+0	37.0671E+0	34.0754E+0
130.9510E+0	533.0067E+0	66.4103E+0	-1.9384E+0	34.2602E+0	34.0988E+0
131.1010E+0	534.0067E+0	66.0827E+0	-1.9253E+0	34.3225E+0	34.0877E+0
131.2510E+0	535.0067E+0	65.8578E+0	-1.8684E+0	35.2488E+0	34.1086E+0
131.4010E+0	536.0067E+0	65.3960E+0	-1.7659E+0	37.0322E+0	34.0969E+0
131.5510E+0	537.0067E+0	65.0627E+0	-1.8617E+0	34.9477E+0	34.0758E+0
131.7010E+0	538.0067E+0	65.4308E+0	-1.8332E+0	35.6917E+0	34.0957E+0
131.8510E+0	539.0067E+0	65.2521E+0	-1.8441E+0	35.3840E+0	34.0937E+0
132.0010E+0	540.0067E+0	65.5557E+0	-1.7438E+0	37.5935E+0	34.1058E+0
132.1510E+0	541.0067E+0	65.7249E+0	-1.8391E+0	35.7383E+0	34.1094E+0
132.3010E+0	542.0067E+0	65.8368E+0	-1.7955E+0	36.6669E+0	34.1041E+0
132.4510E+0	543.0067E+0	65.7758E+0	-1.6970E+0	38.7596E+0	34.0913E+0
132.6010E+0	544.0067E+0	65.5463E+0	-1.7062E+0	38.4171E+0	34.0630E+0
132.7510E+0	545.0067E+0	65.7601E+0	-1.6437E+0	40.0082E+0	34.0837E+0
132.9010E+0	546.0067E+0	65.5898E+0	-1.7480E+0	37.5234E+0	34.0777E+0
133.0510E+0	547.0067E+0	65.3972E+0	-1.7213E+0	37.9933E+0	34.0772E+0
133.2010E+0	548.0067E+0	65.1119E+0	-1.6745E+0	38.8843E+0	34.0872E+0
133.3510E+0	549.0067E+0	64.9578E+0	-1.7363E+0	37.4122E+0	34.1077E+0
133.5010E+0	550.0067E+0	64.8120E+0	-1.7997E+0	36.0132E+0	34.1043E+0
133.6510E+0	551.0067E+0	64.5227E+0	-1.7314E+0	37.2662E+0	34.1083E+0
133.8010E+0	552.0067E+0	64.6535E+0	-1.6743E+0	38.6145E+0	34.1259E+0
133.9510E+0	553.0067E+0	64.3927E+0	-1.7106E+0	37.6437E+0	34.1161E+0
134.1010E+0	554.0067E+0	64.2388E+0	-1.6949E+0	37.9014E+0	34.1057E+0
134.2510E+0	555.0067E+0	64.3135E+0	-1.6794E+0	38.2960E+0	34.0880E+0
134.4010E+0	556.0067E+0	64.4182E+0	-1.8286E+0	35.2272E+0	34.0805E+0
134.5510E+0	557.0067E+0	64.5480E+0	-1.8549E+0	34.7995E+0	34.0995E+0
134.7010E+0	558.0067E+0	64.8597E+0	-1.7133E+0	37.8562E+0	34.1085E+0
134.8510E+0	559.0067E+0	64.7028E+0	-1.8155E+0	35.6393E+0	34.1007E+0
135.0010E+0	560.0067E+0	64.5095E+0	-1.7116E+0	37.6899E+0	34.0833E+0
135.1510E+0	561.0067E+0	64.4041E+0	-1.8619E+0	34.5903E+0	34.0783E+0
135.3010E+0	562.0067E+0	64.2510E+0	-1.7226E+0	37.2990E+0	34.0937E+0
135.4510E+0	563.0067E+0	64.1995E+0	-1.8012E+0	35.6426E+0	34.1046E+0
135.6010E+0	564.0067E+0	63.8285E+0	-1.9079E+0	33.4554E+0	34.0965E+0
135.7510E+0	565.0067E+0	63.5988E+0	-1.7381E+0	36.5918E+0	34.0928E+0
135.9010E+0	566.0067E+0	63.2969E+0	-1.7838E+0	35.4853E+0	34.0918E+0
136.0510E+0	567.0067E+0	63.3834E+0	-1.7759E+0	35.6899E+0	34.1061E+0
136.2010E+0	568.0067E+0	63.2795E+0	-1.7957E+0	35.2400E+0	34.1029E+0
136.3510E+0	569.0067E+0	63.1465E+0	-1.8893E+0	33.4226E+0	34.0924E+0
136.5010E+0	570.0067E+0	63.2004E+0	-1.7054E+0	37.0581E+0	34.0971E+0
136.6510E+0	571.0067E+0	63.2904E+0	-1.7482E+0	36.2040E+0	34.0951E+0
136.8010E+0	572.0067E+0	63.4820E+0	-1.8505E+0	34.3055E+0	34.0921E+0
136.9510E+0	573.0067E+0	63.4570E+0	-1.7776E+0	35.6974E+0	34.1024E+0
137.1010E+0	574.0067E+0	63.4237E+0	-1.6333E+0	38.8327E+0	34.1027E+0
137.2510E+0	575.0067E+0	63.3108E+0	-1.6200E+0	39.0810E+0	34.0955E+0
137.4010E+0	576.0067E+0	63.1918E+0	-1.7344E+0	36.4346E+0	34.0865E+0
137.5510E+0	577.0067E+0	62.9591E+0	-1.8815E+0	33.4630E+0	34.0756E+0
137.7010E+0	578.0067E+0	62.7809E+0	-1.7357E+0	36.1701E+0	34.0888E+0
137.8510E+0	579.0067E+0	62.5101E+0	-1.7600E+0	35.5173E+0	34.0818E+0
138.0010E+0	580.0067E+0	62.4363E+0	-1.8033E+0	34.6239E+0	34.0589E+0
138.1510E+0	581.0067E+0	62.0006E+0	-1.6857E+0	36.7804E+0	34.0538E+0
138.3010E+0	582.0067E+0	61.7471E+0	-1.6986E+0	36.3525E+0	34.0396E+0
138.4510E+0	583.0067E+0	61.8002E+0	-1.6308E+0	37.8960E+0	34.0450E+0
138.6010E+0	584.0067E+0	61.9430E+0	-1.7686E+0	35.0247E+0	34.0577E+0
138.7510E+0	585.0067E+0	61.8876E+0	-1.6968E+0	36.4731E+0	34.0411E+0
138.9010E+0	586.0067E+0	62.1141E+0	-1.8233E+0	34.0667E+0	34.0500E+0
139.0510E+0	587.0067E+0	62.1607E+0	-1.7481E+0	35.5592E+0	34.0404E+0
139.2010E+0	588.0067E+0	62.4437E+0	-1.7012E+0	36.7055E+0	34.0548E+0
139.3510E+0	589.0067E+0	62.3255E+0	-1.8724E+0	33.2865E+0	34.0345E+0
139.5010E+0	590.0067E+0	62.3346E+0	-1.8442E+0	33.8007E+0	34.0334E+0
139.6510E+0	591.0067E+0	62.3549E+0	-1.8696E+0	33.3523E+0	34.0489E+0
139.8010E+0	592.0067E+0	61.8748E+0	-1.7711E+0	34.9363E+0	34.0306E+0
139.9510E+0	593.0067E+0	61.9222E+0	-1.6850E+0	36.7496E+0	34.0415E+0
140.1010E+0	594.0067E+0	61.6518E+0	-1.7091E+0	36.0737E+0	34.0474E+0
140.2510E+0	595.0067E+0	61.2470E+0	-1.8423E+0	33.2442E+0	34.0398E+0
140.4010E+0	596.0067E+0	60.9360E+0	-1.8101E+0	33.6651E+0	34.0487E+0
140.5510E+0	597.0067E+0	60.8764E+0	-1.7290E+0	35.2086E+0	34.0665E+0
140.7010E+0	598.0067E+0	60.8599E+0	-1.7287E+0	35.2060E+0	34.0755E+0
140.8510E+0	599.0067E+0	60.7808E+0	-1.7435E+0	34.8623E+0	34.0700E+0
141.0010E+0	600.0067E+0	60.6947E+0	-1.6887E+0	35.9412E+0	34.0854E+0
141.1510E+0	601.0067E+0	60.6338E+0	-1.7418E+0	34.8106E+0	34.0724E+0
141.3010E+0	602.0067E+0	60.6600E+0	-1.6606E+0	36.5294E+0	34.0715E+0
141.4510E+0	603.0067E+0	61.0934E+0	-1.7396E+0	35.1191E+0	34.0930E+0
141.6010E+0	604.0067E+0	61.1508E+0	-1.8725E+0	32.6576E+0	34.0673E+0
141.7510E+0	605.0067E+0	61.2552E+0	-1.7036E+0	35.9573E+0	34.0712E+0
141.9010E+0	606.0067E+0	61.0769E+0	-1.7503E+0	34.8953E+0	34.0883E+0
142.0510E+0	607.0067E+0	61.1244E+0	-1.7563E+0	34.8034E+0	34.0857E+0
142.2010E+0	608.0067E+0	60.8936E+0	-1.7473E+0	34.8499E+0	34.0783E+0
142.3510E+0	609.0067E+0	60.5137E+0	-1.8148E+0	33.3444E+0	34.0806E+0
142.5010E+0	610.0067E+0	60.3795E+0	-1.7777E+0	33.9657E+0	34.0832E+0
142.6510E+0	611.0067E+0	59.9679E+0	-1.7651E+0	33.9746E+0	34.0834E+0
142.8010E+0	612.0067E+0	59.7173E+0	-1.7510E+0	34.1044E+0	34.0860E+0
142.9510E+0	613.0067E+0	59.4887E+0	-1.8175E+0	32.7304E+0	34.0849E+0
143.1010E+0	614.0067E+0	59.4954E+0	-1.7346E+0	34.3001E+0	34.0690E+0
143.2510E+0	615.0067E+0	59.4432E+0	-1.8005E+0	33.0146E+0	34.0614E+0
143.4010E+0	616.0067E+0	59.5785E+0	-1.6444E+0	36.2304E+0	34.0831E+0
143.5510E+0	617.0067E+0	59.6527E+0	-1.7989E+0	33.1601E+0	34.0839E+0
143.7010E+0	618.0067E+0	59.7837E+0	-1.6984E+0	35.2006E+0	34.0733E+0
143.8510E+0	619.0067E+0	60.0867E+0	-1.7707E+0	33.9335E+0	34.0854E+0
144.0010E+0	620.0067E+0	60.1067E+0	-1.8341E+0	32.7725E+0	34.0957E+0
144.1510E+0	621.0067E+0	60.1627E+0	-1.6755E+0	35.9069E+0	34.0996E+0
144.3010E+0	622.0067E+0	60.0506E+0	-1.5854E+0	37.8780E+0	34.1026E+0
144.4510E+0	623.0067E+0	59.9288E+0	-1.7127E+0	34.9912E+0	34.1159E+0
144.6010E+0	624.0067E+0	59.7736E+0	-1.7380E+0	34.3929E+0	34.1368E+0
144.7510E+0	625.0067E+0	59.5898E+0	-1.8008E+0	33.0914E+0	34.1290E+0
144.9010E+0	626.0067E+0	59.2067E+0	-1.8896E+0	31.3328E+0	34.1248E+0
145.0510E+0	627.0067E+0	59.0543E+0	-1.5957E+0	37.0091E+0	34.1354E+0
145.2010E+0	628.0067E+0	58.7867E+0	-1.7241E+0	34.0974E+0	34.1494E+0
145.3510E+0	629.0067E+0	58.6803E+0	-1.5968E+0	36.7489E+0	34.1614E+0
145.5010E+0	630.0067E+0	58.4365E+0	-1.7178E+0	34.0189E+0	34.1608E+0
145.6510E+0	631.0067E+0	58.9892E+0	-1.8239E+0	32.3420E+0	34.1875E+0
145.8010E+0	632.0067E+0	59.0406E+0	-1.6830E+0	35.0805E+0	34.1818E+0
145.9510E+0	633.0067E+0	59.0440E+0	-1.7860E+0	33.0601E+0	34.1805E+0
146.1010E+0	634.0067E+0	59.1323E+0	-1.7832E+0	33.1604E+0	34.1927E+0
146.2510E+0	635.0067E+0	59.2558E+0	-1.7239E+0	34.3738E+0	34.2007E+0
146.4010E+0	636.0067E+0	59.2353E+0	-1.8005E+0	32.8988E+0	34.1965E+0
146.5510E+0	637.0067E+0	59.2435E+0	-1.6706E+0	35.4628E+0	34.1953E+0
146.7010E+0	638.0067E+0	59.0182E+0	-1.7360E+0	33.9957E+0	34.2048E+0
146.8510E+0	639.0067E+0	58.6806E+0	-1.6947E+0	34.6259E+0	34.1982E+0
147.0010E+0	640.0067E+0	58.3363E+0	-1.6417E+0	35.5349E+0	34.1902E+0
147.1510E+0	641.0067E+0	58.3152E+0	-1.6708E+0	34.9026E+0	34.2081E+0
147.3010E+0	642.0067E+0	58.2186E+0	-1.6940E+0	34.3669E+0	34.2301E+0
147.4510E+0	643.0067E+0	58.0786E+0	-1.8086E+0	32.1123E+0	34.2503E+0
147.6010E+0	644.0067E+0	57.8695E+0	-1.8388E+0	31.4708E+0	34.2329E+0
147.7510E+0	645.0067E+0	57.5573E+0	-1.8535E+0	31.0534E+0	34.2154E+0
147.9010E+0	646.0067E+0	57.7393E+0	-1.7630E+0	32.7512E+0	34.2157E+0
148.0510E+0	647.0067E+0	58.0051E+0	-1.7001E+0	34.1182E+0	34.2392E+0
148.2010E+0	648.0067E+0	58.1412E+0	-1.7699E+0	32.8502E+0	34.2297E+0
148.3510E+0	649.0067E+0	58.1215E+0	-1.7498E+0	33.2165E+0	34.2028E+0
148.5010E+0	650.0067E+0	58.1227E+0	-1.7072E+0	34.0454E+0	34.1973E+0
148.6510E+0	651.0067E+0	58.0252E+0	-1.6692E+0	34.7624E+0	34.2086E+0
148.8010E+0	652.0067E+0	58.1320E+0	-1.7758E+0	32.7356E+0	34.2098E+0
148.9510E+0	653.0067E+0	58.1359E+0	-1.9211E+0	30.2624E+0	34.2332E+0
149.1010E+0	654.0067E+0	57.8785E+0	-1.6331E+0	35.4404E+0	34.2224E+0
149.2510E+0	655.0067E+0	57.7321E+0	-1.5937E+0	36.2256E+0	34.2230E+0
149.4010E+0	656.0067E+0	57.3716E+0	-1.7262E+0	33.2354E+0	34.2062E+0
149.5510E+0	657.0067E+0	56.9844E+0	-1.7027E+0	33.4674E+0	34.2063E+0
149.7010E+0	658.0067E+0	56.7142E+0	-1.7423E+0	32.5518E+0	34.1796E+0
149.8510E+0	659.0067E+0	56.7016E+0	-1.8117E+0	31.2976E+0	34.1812E+0
150.0010E+0	660.0067E+0	56.5883E+0	-1.6992E+0	33.3027E+0	34.1835E+0
150.1510E+0	661.0067E+0	56.4417E+0	-1.7110E+0	32.9883E+0	34.1904E+0
150.3010E+0	662.0067E+0	56.5820E+0	-1.7057E+0	33.1717E+0	34.1938E+0
150.4510E+0	663.0067E+0	56.5831E+0	-1.7337E+0	32.6366E+0	34.1877E+0
150.6010E+0	664.0067E+0	56.5725E+0	-1.6964E+0	33.3479E+0	34.1752E+0
150.7510E+0	665.0067E+0	56.8254E+0	-1.6739E+0	33.9475E+0	34.1817E+0
150.9010E+0	666.0067E+0	56.8816E+0	-1.7517E+0	32.4728E+0	34.1643E+0
151.0510E+0	667.0067E+0	56.8340E+0	-1.6659E+0	34.1169E+0	34.1684E+0
151.2010E+0	668.0067E+0	56.5769E+0	-1.5378E+0	36.7913E+0	34.1699E+0
151.3510E+0	669.0067E+0	56.4861E+0	-1.6839E+0	33.5451E+0	34.1692E+0
151.5010E+0	670.0067E+0	56.5808E+0	-1.6612E+0	34.0604E+0	34.1802E+0
151.6510E+0	671.0067E+0	56.2216E+0	-1.5983E+0	35.1754E+0	34.1780E+0
151.8010E+0	672.0067E+0	55.9755E+0	-1.6426E+0	34.0772E+0	34.1903E+0
151.9510E+0	673.0067E+0	55.6715E+0	-1.8104E+0	30.7516E+0	34.1863E+0
152.1010E+0	674.0067E+0	55.5050E+0	-1.8374E+0	30.2084E+0	34.1961E+0
152.2510E+0	675.0067E+0	55.5900E+0	-1.7556E+0	31.6640E+0	34.2105E+0
152.4010E+0	676.0067E+0	55.4170E+0	-1.7994E+0	30.8204E+0	34.1979E+0
152.5510E+0	677.0067E+0	55.3380E+0	-1.6766E+0	33.0057E+0	34.1793E+0
152.7010E+0	678.0067E+0	55.2758E+0	-1.5913E+0	34.7362E+0	34.1931E+0
152.8510E+0	679.0067E+0	55.4876E+0	-1.8792E+0	29.5275E+0	34.2178E+0
153.0010E+0	680.0067E+0	55.9087E+0	-1.6952E+0	32.9808E+0	34.2422E+0
153.1510E+0	681.0067E+0	55.8448E+0	-1.5551E+0	35.9100E+0	34.2413E+0
153.3010E+0	682.0067E+0	56.0574E+0	-1.6647E+0	33.6736E+0	34.2574E+0
153.4510E+0	683.0067E+0	55.9620E+0	-1.8702E+0	29.9237E+0	34.2492E+0
153.6010E+0	684.0067E+0	55.8142E+0	-1.8142E+0	30.7649E+0	34.2373E+0
153.7510E+0	685.0067E+0	55.5434E+0	-1.7589E+0	31.5791E+0	34.2097E+0
153.9010E+0	686.0067E+0	55.2168E+0	-1.7590E+0	31.3903E+0	34.1990E+0
154.0510E+0	687.0067E+0	55.0973E+0	-1.7572E+0	31.3543E+0	34.2211E+0
154.2010E+0	688.0067E+0	55.0545E+0	-1.7786E+0	30.9534E+0	34.2377E+0
154.3510E+0	689.0067E+0	54.9151E+0	-1.7625E+0	31.1571E+0	34.2419E+0
154.5010E+0	690.0067E+0	54.6459E+0	-1.7054E+0	32.0427E+0	34.2429E+0
154.6510E+0	691.0067E+0	54.4549E+0	-1.7085E+0	31.8725E+0	34.2139E+0
154.8010E+0	692.0067E+0	54.5170E+0	-1.7589E+0	30.9945E+0	34.2110E+0
154.9510E+0	693.0067E+0	54.4584E+0	-1.7597E+0	30.9479E+0	34.1941E+0
155.1010E+0	694.0067E+0	54.6676E+0	-1.6599E+0	32.9345E+0	34.1971E+0
155.2510E+0	695.0067E+0	54.7564E+0	-1.6250E+0	33.6961E+0	34.2086E+0
155.4010E+0	696.0067E+0	55.0583E+0	-1.7649E+0	31.1954E+0	34.2084E+0
155.5510E+0	697.0067E+0	55.0434E+0	-1.7394E+0	31.6451E+0	34.2172E+0
155.7010E+0	698.0067E+0	55.0237E+0	-1.8000E+0	30.5686E+0	34.2274E+0
155.8510E+0	699.0067E+0	54.8598E+0	-1.8469E+0	29.7030E+0	34.2326E+0
156.0010E+0	700.0067E+0	54.5146E+0	-1.7715E+0	30.7730E+0	34.2076E+0
156.1510E+0	701.0067E+0	54.5670E+0	-1.7415E+0	31.3340E+0	34.2258E+0
156.3010E+0	702.0067E+0	54.1296E+0	-1.6845E+0	32.1338E+0	34.2100E+0
156.4510E+0	703.0067E+0	53.8195E+0	-1.7272E+0	31.1594E+0	34.1999E+0
156.6010E+0	704.0067E+0	53.6567E+0	-1.7322E+0	30.9763E+0	34.2010E+0
156.7510E+0	705.0067E+0	53.4391E+0	-1.7275E+0	30.9338E+0	34.2004E+0
156.9010E+0	706.0067E+0	53.3436E+0	-1.7412E+0	30.6359E+0	34.2049E+0
157.0510E+0	707.0067E+0	53.2528E+0	-1.8107E+0	29.4107E+0	34.2202E+0
157.2010E+0	708.0067E+0	53.1838E+0	-1.7936E+0	29.6519E+0	34.2196E+0
157.3510E+0	709.0067E+0	53.5872E+0	-1.7652E+0	30.3572E+0	34.2310E+0
157.5010E+0	710.0067E+0	53.8007E+0	-1.6921E+0	31.7955E+0	34.2552E+0
157.6510E+0	711.0067E+0	53.7847E+0	-1.7253E+0	31.1738E+0	34.2601E+0
157.8010E+0	712.0067E+0	53.7150E+0	-1.8111E+0	29.6584E+0	34.2306E+0
157.9510E+0	713.0067E+0	53.8896E+0	-1.8164E+0	29.6687E+0	34.2463E+0
158.1010E+0	714.0067E+0	53.5087E+0	-1.7408E+0	30.7388E+0	34.2297E+0
158.2510E+0	715.0067E+0	53.4335E+0	-1.6704E+0	31.9893E+0	34.2411E+0
158.4010E+0	716.0067E+0	53.4217E+0	-1.6393E+0	32.5885E+0	34.2522E+0
158.5510E+0	717.0067E+0	53.1690E+0	-1.6934E+0	31.3973E+0	34.2493E+0
158.7010E+0	718.0067E+0	52.7656E+0	-1.6411E+0	32.1530E+0	34.2427E+0
158.8510E+0	719.0067E+0	52.4248E+0	-1.7251E+0	30.3888E+0	34.2403E+0
159.0010E+0	720.0067E+0	52.4725E+0	-1.6460E+0	31.8793E+0	34.2491E+0
159.1510E+0	721.0067E+0	52.2996E+0	-1.7055E+0	30.6660E+0	34.2452E+0
159.3010E+0	722.0067E+0	52.3259E+0	-1.7122E+0	30.5605E+0	34.2406E+0
159.4510E+0	723.0067E+0	52.2619E+0	-1.8582E+0	28.1253E+0	34.2379E+0
159.6010E+0	724.0067E+0	52.4984E+0	-1.8031E+0	29.1151E+0	34.2489E+0
159.7510E+0	725.0067E+0	52.5162E+0	-1.5903E+0	33.0220E+0	34.2333E+0
159.9010E+0	726.0067E+0	52.5594E+0	-1.7304E+0	30.3746E+0	34.2108E+0
160.0510E+0	727.0067E+0	52.5470E+0	-1.6919E+0	31.0576E+0	34.2162E+0
160.2010E+0	728.0067E+0	52.8615E+0	-1.7443E+0	30.3050E+0	34.2335E+0
160.3510E+0	729.0067E+0	52.9332E+0	-1.7606E+0	30.0658E+0	34.2288E+0
160.5010E+0	730.0067E+0	52.6208E+0	-1.6727E+0	31.4578E+0	34.2025E+0
160.6510E+0	731.0067E+0	52.1342E+0	-1.6583E+0	31.4386E+0	34.1741E+0
160.8010E+0	732.0067E+0	51.7412E+0	-1.7111E+0	30.2389E+0	34.1794E+0
160.9510E+0	733.0067E+0	51.5360E+0	-1.7712E+0	29.0961E+0	34.2015E+0
161.1010E+0	734.0067E+0	51.4099E+0	-1.8927E+0	27.1620E+0	34.2079E+0
161.2510E+0	735.0067E+0	51.3993E+0	-1.7118E+0	30.0257E+0	34.1970E+0
161.4010E+0	736.0067E+0	51.3584E+0	-1.6934E+0	30.3282E+0	34.2057E+0
161.5510E+0	737.0067E+0	51.0970E+0	-1.7608E+0	29.0197E+0	34.1975E+0
161.7010E+0	738.0067E+0	51.0347E+0	-1.6634E+0	30.6801E+0	34.1849E+0
161.8510E+0	739.0067E+0	51.0533E+0	-1.6944E+0	30.1309E+0	34.1819E+0
162.0010E+0	740.0067E+0	51.3063E+0	-1.6463E+0	31.1638E+0	34.1817E+0
162.1510E+0	741.0067E+0	51.4311E+0	-1.5441E+0	33.3084E+0	34.1873E+0
162.3010E+0	742.0067E+0	51.6094E+0	-1.6883E+0	30.5680E+0	34.1885E+0
162.4510E+0	743.0067E+0	51.5933E+0	-1.6021E+0	32.2030E+0	34.1828E+0
162.6010E+0	744.0067E+0	51.6098E+0	-1.6536E+0	31.2107E+0	34.1666E+0
162.7510E+0	745.0067E+0	51.3773E+0	-1.6997E+0	30.2275E+0	34.1580E+0
162.9010E+0	746.0067E+0	51.2959E+0	-1.6570E+0	30.9567E+0	34.1391E+0
163.0510E+0	747.0067E+0	50.9862E+0	-1.5147E+0	33.6610E+0	34.1275E+0
163.2010E+0	748.0067E+0	50.6216E+0	-1.7106E+0	29.5922E+0	34.1380E+0
163.3510E+0	749.0067E+0	50.4694E+0	-1.7102E+0	29.5100E+0	34.1369E+0
163.5010E+0	750.0067E+0	50.2831E+0	-1.7652E+0	28.4858E+0	34.1398E+0
163.6510E+0	751.0067E+0	49.9688E+0	-1.6405E+0	30.4597E+0	34.1368E+0
163.8010E+0	752.0067E+0	49.9403E+0	-1.7351E+0	28.7822E+0	34.1360E+0
163.9510E+0	753.0067E+0	49.9468E+0	-1.7191E+0	29.0535E+0	34.1405E+0
164.1010E+0	754.0067E+0	50.1917E+0	-1.6868E+0	29.7558E+0	34.1495E+0
164.2510E+0	755.0067E+0	50.2454E+0	-1.6625E+0	30.2224E+0	34.1506E+0
164.4010E+0	756.0067E+0	50.2244E+0	-1.5874E+0	31.6395E+0	34.1567E+0
164.5510E+0	757.0067E+0	50.3921E+0	-1.6231E+0	31.0466E+0	34.1413E+0
164.7010E+0	758.0067E+0	50.6668E+0	-1.6752E+0	30.2448E+0	34.1390E+0
164.8510E+0	759.0067E+0	50.5257E+0	-1.7190E+0	29.3927E+0	34.1396E+0
165.0010E+0	760.0067E+0	50.3801E+0	-1.6984E+0	29.6631E+0	34.1491E+0
165.1510E+0	761.0067E+0	50.1770E+0	-1.6918E+0	29.6593E+0	34.1350E+0
165.3010E+0	762.0067E+0	49.9952E+0	-1.7020E+0	29.3737E+0	34.1304E+0
165.4510E+0	763.0067E+0	49.8411E+0	-1.7150E+0	29.0613E+0	34.1311E+0
165.6010E+0	764.0067E+0	49.4811E+0	-1.7168E+0	28.8210E+0	34.1516E+0
165.7510E+0	765.0067E+0	49.4553E+0	-1.8320E+0	26.9955E+0	34.1659E+0
165.9010E+0	766.0067E+0	49.2297E+0	-1.7582E+0	28.0006E+0	34.1570E+0
166.0510E+0	767.0067E+0	49.0653E+0	-1.7033E+0	28.8065E+0	34.1466E+0
166.2010E+0	768.0067E+0	49.0292E+0	-1.6921E+0	28.9748E+0	34.1509E+0
166.3510E+0	769.0067E+0	49.1053E+0	-1.6948E+0	28.9737E+0	34.1493E+0
166.5010E+0	770.0067E+0	49.0450E+0	-1.7500E+0	28.0257E+0	34.1651E+0
166.6510E+0	771.0067E+0	49.2268E+0	-1.8251E+0	26.9724E+0	34.1829E+0
166.8010E+0	772.0067E+0	49.3878E+0	-1.8457E+0	26.7590E+0	34.1879E+0
166.9510E+0	773.0067E+0	49.4603E+0	-1.6886E+0	29.2902E+0	34.1843E+0
167.1010E+0	774.0067E+0	49.6059E+0	-1.6367E+0	30.3076E+0	34.1849E+0
167.2510E+0	775.0067E+0	49.6763E+0	-1.6901E+0	29.3927E+0	34.1835E+0
167.4010E+0	776.0067E+0	49.5846E+0	-1.6548E+0	29.9650E+0	34.1865E+0
167.5510E+0	777.0067E+0	49.2797E+0	-1.6968E+0	29.0423E+0	34.1941E+0
167.7010E+0	778.0067E+0	49.1720E+0	-1.7954E+0	27.3882E+0	34.2095E+0
167.8510E+0	779.0067E+0	49.0542E+0	-1.6431E+0	29.8540E+0	34.2054E+0
168.0010E+0	780.0067E+0	48.6909E+0	-1.7326E+0	28.1033E+0	34.1862E+0
168.1510E+0	781.0067E+0	48.3676E+0	-1.8598E+0	26.0072E+0	34.1539E+0
168.3010E+0	782.0067E+0	48.1745E+0	-1.7409E+0	27.6724E+0	34.1546E+0
168.4510E+0	783.0067E+0	48.0226E+0	-1.7014E+0	28.2250E+0	34.1499E+0
168.6010E+0	784.0067E+0	47.9576E+0	-1.7979E+0	26.6747E+0	34.1427E+0
168.7510E+0	785.0067E+0	48.1067E+0	-1.6452E+0	29.2401E+0	34.1373E+0
168.9010E+0	786.0067E+0	48.2449E+0	-1.6755E+0	28.7946E+0	34.1279E+0
169.0510E+0	787.0067E+0	48.4039E+0	-1.7831E+0	27.1459E+0	34.1414E+0
169.2010E+0	788.0067E+0	48.3467E+0	-1.7238E+0	28.0460E+0	34.1355E+0
169.3510E+0	789.0067E+0	48.5897E+0	-1.7604E+0	27.6019E+0	34.1367E+0
169.5010E+0	790.0067E+0	48.6772E+0	-1.6132E+0	30.1737E+0	34.1461E+0
169.6510E+0	791.0067E+0	48.4469E+0	-1.7063E+0	28.3922E+0	34.1577E+0
169.8010E+0	792.0067E+0	48.2577E+0	-1.6378E+0	29.4659E+0	34.1505E+0
169.9510E+0	793.0067E+0	48.2260E+0	-1.7190E+0	28.0549E+0	34.1453E+0
170.1010E+0	794.0067E+0	48.0805E+0	-1.7197E+0	27.9594E+0	34.1379E+0
170.2510E+0	795.0067E+0	47.7429E+0	-1.7884E+0	26.6965E+0	34.1285E+0
170.4010E+0	796.0067E+0	47.5825E+0	-1.6604E+0	28.6566E+0	34.1256E+0
170.5510E+0	797.0067E+0	47.3104E+0	-1.6735E+0	28.2710E+0	34.1275E+0
170.7010E+0	798.0067E+0	47.3322E+0	-1.7227E+0	27.4760E+0	34.1234E+0
170.8510E+0	799.0067E+0	47.2349E+0	-1.8063E+0	26.1508E+0	34.1427E+0
171.0010E+0	800.0067E+0	47.1064E+0	-1.7245E+0	27.3159E+0	34.1366E+0
171.1510E+0	801.0067E+0	47.3339E+0	-1.6954E+0	27.9196E+0	34.1225E+0
171.3010E+0	802.0067E+0	47.3859E+0	-1.6821E+0	28.1704E+0	34.1264E+0
171.4510E+0	803.0067E+0	47.6109E+0	-1.7912E+0	26.5809E+0	34.1115E+0
171.6010E+0	804.0067E+0	47.6464E+0	-1.5813E+0	30.1308E+0	34.1037E+0
171.7510E+0	805.0067E+0	47.7186E+0	-1.5755E+0	30.2877E+0	34.0985E+0
171.9010E+0	806.0067E+0	47.4887E+0	-1.5542E+0	30.5560E+0	34.0707E+0
172.0510E+0	807.0067E+0	47.3112E+0	-1.5095E+0	31.3413E+0	34.0642E+0
172.2010E+0	808.0067E+0	47.2999E+0	-1.6214E+0	29.1722E+0	34.0734E+0
172.3510E+0	809.0067E+0	47.0129E+0	-1.5987E+0	29.4064E+0	34.0530E+0
172.5010E+0	810.0067E+0	46.7009E+0	-1.6152E+0	28.9142E+0	34.0585E+0
172.6510E+0	811.0067E+0	46.3245E+0	-1.7779E+0	26.0552E+0	34.0599E+0
172.8010E+0	812.0067E+0	46.2932E+0	-1.7958E+0	25.7792E+0	34.0627E+0
172.9510E+0	813.0067E+0	46.0421E+0	-1.6595E+0	27.7439E+0	34.0834E+0
173.1010E+0	814.0067E+0	46.1047E+0	-1.6643E+0	27.7020E+0	34.1014E+0
173.2510E+0	815.0067E+0	46.0893E+0	-1.6294E+0	28.2860E+0	34.0991E+0
173.4010E+0	816.0067E+0	46.1720E+0	-1.7104E+0	26.9946E+0	34.0755E+0
173.5510E+0	817.0067E+0	46.4061E+0	-1.8242E+0	25.4395E+0	34.0764E+0
173.7010E+0	818.0067E+0	46.5471E+0	-1.6679E+0	27.9079E+0	34.0828E+0
173.8510E+0	819.0067E+0	46.8246E+0	-1.6964E+0	27.6028E+0	34.0974E+0
174.0010E+0	820.0067E+0	46.6624E+0	-1.7378E+0	26.8507E+0	34.0861E+0
174.1510E+0	821.0067E+0	46.7598E+0	-1.7482E+0	26.7477E+0	34.0932E+0
174.3010E+0	822.0067E+0	46.8845E+0	-1.5440E+0	30.3649E+0	34.1129E+0
174.4510E+0	823.0067E+0	46.5270E+0	-1.7447E+0	26.6675E+0	34.1220E+0
174.6010E+0	824.0067E+0	46.4977E+0	-1.7314E+0	26.8549E+0	34.1213E+0
174.7510E+0	825.0067E+0	46.1245E+0	-1.7082E+0	27.0010E+0	34.1120E+0
174.9010E+0	826.0067E+0	45.7609E+0	-1.5562E+0	29.4051E+0	34.0973E+0
175.0515E+0	827.0100E+0	45.5575E+0	-1.6044E+0	28.3956E+0	34.0973E+0
175.2015E+0	828.0100E+0	45.1605E+0	-1.5556E+0	29.0304E+0	34.0851E+0
175.3515E+0	829.0100E+0	45.2827E+0	-1.6012E+0	28.2804E+0	34.0972E+0
175.5015E+0	830.0100E+0	45.2664E+0	-1.7979E+0	25.1771E+0	34.1068E+0
175.6515E+0	831.0100E+0	45.2762E+0	-1.6643E+0	27.2038E+0	34.0929E+0
175.8015E+0	832.0100E+0	45.3936E+0	-1.6156E+0	28.0978E+0	34.0850E+0
175.9515E+0	833.0100E+0	45.5636E+0	-1.7442E+0	26.1223E+0	34.0793E+0
176.1015E+0	834.0100E+0	45.6835E+0	-1.8522E+0	24.6645E+0	34.1006E+0
176.2515E+0	835.0100E+0	45.8245E+0	-1.6205E+0	28.2775E+0	34.1188E+0
176.4015E+0	836.0100E+0	45.8907E+0	-1.6724E+0	27.4408E+0	34.1228E+0
176.5515E+0	837.0100E+0	45.8008E+0	-1.7494E+0	26.1810E+0	34.1332E+0
176.7015E+0	838.0100E+0	45.6046E+0	-1.6577E+0	27.5107E+0	34.1200E+0
176.8515E+0	839.0100E+0	45.5763E+0	-1.7236E+0	26.4428E+0	34.1242E+0
177.0015E+0	840.0100E+0	45.2978E+0	-1.7547E+0	25.8145E+0	34.1246E+0
177.1515E+0	841.0100E+0	44.9451E+0	-1.7292E+0	25.9915E+0	34.1108E+0
177.3015E+0	842.0100E+0	44.8204E+0	-1.7283E+0	25.9325E+0	34.1053E+0
177.4515E+0	843.0100E+0	44.6614E+0	-1.6869E+0	26.4753E+0	34.1142E+0
177.6015E+0	844.0100E+0	44.6218E+0	-1.6059E+0	27.7861E+0	34.1057E+0
177.7515E+0	845.0100E+0	44.5071E+0	-1.6821E+0	26.4600E+0	34.0916E+0
177.9015E+0	846.0100E+0	44.4263E+0	-1.5872E+0	27.9897E+0	34.0940E+0
178.0515E+0	847.0100E+0	44.4655E+0	-1.5702E+0	28.3188E+0	34.0971E+0
178.2015E+0	848.0100E+0	44.4703E+0	-1.6994E+0	26.1678E+0	34.0712E+0
178.3515E+0	849.0100E+0	44.5004E+0	-1.7132E+0	25.9743E+0	34.0556E+0
178.5015E+0	850.0100E+0	44.5728E+0	-1.6753E+0	26.6056E+0	34.0365E+0
178.6515E+0	851.0100E+0	44.6481E+0	-1.8036E+0	24.7543E+0	34.0192E+0
178.8015E+0	852.0100E+0	44.5987E+0	-1.7285E+0	25.8024E+0	34.0337E+0
178.9515E+0	853.0100E+0	44.7399E+0	-1.7019E+0	26.2883E+0	34.0442E+0
179.1015E+0	854.0100E+0	44.6167E+0	-1.6071E+0	27.7614E+0	34.0406E+0
179.2515E+0	855.0100E+0	44.3891E+0	-1.5890E+0	27.9355E+0	34.0286E+0
179.4015E+0	856.0100E+0	44.1489E+0	-1.6772E+0	26.3236E+0	34.0140E+0
179.5515E+0	857.0100E+0	43.9003E+0	-1.7679E+0	24.8316E+0	34.0140E+0
179.7015E+0	858.0100E+0	43.6310E+0	-1.6073E+0	27.1453E+0	34.0143E+0
179.8515E+0	859.0100E+0	43.5480E+0	-1.6682E+0	26.1048E+0	34.0253E+0
180.0015E+0	860.0100E+0	43.3736E+0	-1.7603E+0	24.6396E+0	34.0094E+0
180.1515E+0	861.0100E+0	43.3974E+0	-1.7433E+0	24.8943E+0	34.0334E+0
180.3015E+0	862.0100E+0	43.7795E+0	-1.6379E+0	26.7297E+0	34.0526E+0
180.4515E+0	863.0100E+0	43.8097E+0	-1.7684E+0	24.7741E+0	34.0673E+0
180.6015E+0	864.0100E+0	43.6031E+0	-1.6287E+0	26.7710E+0	34.0571E+0
180.7515E+0	865.0100E+0	43.8289E+0	-1.5819E+0	27.7066E+0	34.0654E+0
180.9015E+0	866.0100E+0	43.8203E+0	-1.7716E+0	24.7343E+0	34.0539E+0
181.0515E+0	867.0100E+0	43.9116E+0	-1.6821E+0	26.1053E+0	34.0513E+0
181.2015E+0	868.0100E+0	43.8803E+0	-1.6481E+0	26.6247E+0	34.0626E+0
181.3515E+0	869.0100E+0	43.7477E+0	-1.5728E+0	27.8159E+0	34.0571E+0
181.5015E+0	870.0100E+0	43.7345E+0	-1.6734E+0	26.1355E+0	34.0781E+0
181.6515E+0	871.0100E+0	43.3798E+0	-1.6961E+0	25.5766E+0	34.0714E+0
181.8015E+0	872.0100E+0	43.1478E+0	-1.7966E+0	24.0166E+0	34.0541E+0
181.9515E+0	873.0100E+0	42.9594E+0	-1.8184E+0	23.6253E+0	34.0411E+0
182.1015E+0	874.0100E+0	42.7572E+0	-1.6191E+0	26.4077E+0	34.0460E+0
182.2515E+0	875.0100E+0	42.8252E+0	-1.6689E+0	25.6609E+0	34.0735E+0
182.4015E+0	876.0100E+0	42.8895E+0	-1.7128E+0	25.0407E+0	34.0854E+0
182.5515E+0	877.0100E+0	42.7751E+0	-1.7974E+0	23.7981E+0	34.0916E+0
182.7015E+0	878.0100E+0	42.8068E+0	-1.6324E+0	26.2227E+0	34.0919E+0
182.8515E+0	879.0100E+0	43.0744E+0	-1.6974E+0	25.3770E+0	34.1108E+0
183.0015E+0	880.0100E+0	43.1979E+0	-1.7511E+0	24.6686E+0	34.1336E+0
183.1515E+0	881.0100E+0	43.1053E+0	-1.5678E+0	27.4935E+0	34.1315E+0
183.3015E+0	882.0100E+0	42.8659E+0	-1.6154E+0	26.5352E+0	34.1165E+0
183.4515E+0	883.0100E+0	43.0263E+0	-1.6595E+0	25.9273E+0	34.1253E+0
183.6015E+0	884.0100E+0	42.9358E+0	-1.6776E+0	25.5937E+0	34.1246E+0
183.7515E+0	885.0100E+0	42.8527E+0	-1.7935E+0	23.8927E+0	34.1203E+0
183.9015E+0	886.0100E+0	42.6955E+0	-1.5545E+0	27.4664E+0	34.1466E+0
184.0515E+0	887.0100E+0	42.4623E+0	-1.5887E+0	26.7272E+0	34.1352E+0
184.2015E+0	888.0100E+0	42.3402E+0	-1.6951E+0	24.9774E+0	34.1422E+0
184.3515E+0	889.0100E+0	42.3706E+0	-1.5560E+0	27.2303E+0	34.1613E+0
184.5015E+0	890.0100E+0	42.1473E+0	-1.5404E+0	27.3618E+0	34.1723E+0
184.6515E+0	891.0100E+0	42.0902E+0	-1.5596E+0	26.9875E+0	34.1895E+0
184.8015E+0	892.0100E+0	42.1750E+0	-1.6804E+0	25.0977E+0	34.1992E+0
184.9515E+0	893.0100E+0	42.1337E+0	-1.6731E+0	25.1837E+0	34.1908E+0
185.1015E+0	894.0100E+0	42.2705E+0	-1.5958E+0	26.4893E+0	34.1716E+0
185.2515E+0	895.0100E+0	42.4370E+0	-1.6497E+0	25.7244E+0	34.1612E+0
185.4015E+0	896.0100E+0	42.5301E+0	-1.6752E+0	25.3879E+0	34.1689E+0
185.5515E+0	897.0100E+0	42.5751E+0	-1.7638E+0	24.1388E+0	34.1706E+0
185.7015E+0	898.0100E+0	42.5736E+0	-1.6988E+0	25.0615E+0	34.1688E+0
185.8515E+0	899.0100E+0	42.3091E+0	-1.6668E+0	25.3839E+0	34.1784E+0
186.0015E+0	900.0100E+0	42.3869E+0	-1.6476E+0	25.7258E+0	34.1787E+0
186.1515E+0	901.0100E+0	42.1152E+0	-1.6650E+0	25.2938E+0	34.1450E+0
186.3015E+0	902.0100E+0	41.9621E+0	-1.6376E+0	25.6243E+0	34.1402E+0
186.4515E+0	903.0100E+0	41.4615E+0	-1.7853E+0	23.2242E+0	34.1460E+0
186.6015E+0	904.0100E+0	41.1833E+0	-1.8299E+0	22.5053E+0	34.1350E+0
186.7515E+0	905.0100E+0	41.1397E+0	-1.6712E+0	24.6176E+0	34.1312E+0
186.9015E+0	906.0100E+0	41.2613E+0	-1.5604E+0	26.4421E+0	34.1438E+0
187.0515E+0	907.0100E+0	41.0998E+0	-1.5685E+0	26.2033E+0	34.1390E+0
187.2015E+0	908.0100E+0	41.3241E+0	-1.6245E+0	25.4376E+0	34.1703E+0
187.3515E+0	909.0100E+0	41.5328E+0	-1.6640E+0	24.9601E+0	34.1859E+0
187.5015E+0	910.0100E+0	41.6203E+0	-1.5852E+0	26.2557E+0	34.1609E+0
187.6515E+0	911.0100E+0	41.5638E+0	-1.6269E+0	25.5472E+0	34.1396E+0
187.8015E+0	912.0100E+0	41.7291E+0	-1.7558E+0	23.7660E+0	34.1432E+0
187.9515E+0	913.0100E+0	41.8286E+0	-1.6949E+0	24.6788E+0	34.1360E+0
188.1015E+0	914.0100E+0	41.5612E+0	-1.4925E+0	27.8464E+0	34.1234E+0
188.2515E+0	915.0100E+0	41.5993E+0	-1.5610E+0	26.6488E+0	34.1379E+0
188.4015E+0	916.0100E+0	41.3851E+0	-1.6173E+0	25.5883E+0	34.1433E+0
188.5515E+0	917.0100E+0	41.3044E+0	-1.6636E+0	24.8276E+0	34.1480E+0
188.7015E+0	918.0100E+0	41.0961E+0	-1.8024E+0	22.8005E+0	34.1579E+0
188.8515E+0	919.0100E+0	40.7342E+0	-1.6122E+0	25.2668E+0	34.1547E+0
189.0015E+0	920.0100E+0	40.6680E+0	-1.6579E+0	24.5305E+0	34.1628E+0
189.1515E+0	921.0100E+0	40.6134E+0	-1.6942E+0	23.9714E+0	34.1707E+0
189.3015E+0	922.0100E+0	40.5185E+0	-1.6962E+0	23.8872E+0	34.1822E+0
189.4515E+0	923.0100E+0	40.6380E+0	-1.6351E+0	24.8543E+0	34.1834E+0
189.6015E+0	924.0100E+0	40.8064E+0	-1.6859E+0	24.2052E+0	34.1799E+0
189.7515E+0	925.0100E+0	40.7665E+0	-1.6490E+0	24.7223E+0	34.1629E+0
189.9015E+0	926.0100E+0	40.9335E+0	-1.6107E+0	25.4128E+0	34.1843E+0
190.0515E+0	927.0100E+0	41.1761E+0	-1.7375E+0	23.6989E+0	34.1949E+0
190.2015E+0	928.0100E+0	41.1486E+0	-1.5363E+0	26.7839E+0	34.1977E+0
190.3515E+0	929.0100E+0	41.0774E+0	-1.6605E+0	24.7377E+0	34.1821E+0
190.5015E+0	930.0100E+0	40.9048E+0	-1.7731E+0	23.0700E+0	34.1670E+0
190.6515E+0	931.0100E+0	40.8391E+0	-1.7618E+0	23.1807E+0	34.1730E+0
190.8015E+0	932.0100E+0	40.6184E+0	-1.6944E+0	23.9728E+0	34.1986E+0
190.9515E+0	933.0100E+0	40.4769E+0	-1.6477E+0	24.5657E+0	34.2036E+0
191.1015E+0	934.0100E+0	40.3890E+0	-1.5596E+0	25.8978E+0	34.2116E+0
191.2515E+0	935.0100E+0	40.2084E+0	-1.5899E+0	25.2904E+0	34.2350E+0
191.4015E+0	936.0100E+0	40.2236E+0	-1.7047E+0	23.5956E+0	34.2364E+0
191.5515E+0	937.0100E+0	40.0577E+0	-1.5847E+0	25.2782E+0	34.2207E+0
191.7015E+0	938.0100E+0	40.0143E+0	-1.6975E+0	23.5731E+0	34.2083E+0
191.8515E+0	939.0100E+0	40.0206E+0	-1.5313E+0	26.1352E+0	34.1962E+0
192.0015E+0	940.0100E+0	40.1544E+0	-1.5991E+0	25.1108E+0	34.1890E+0
192.1515E+0	941.0100E+0	40.2157E+0	-1.6153E+0	24.8961E+0	34.2012E+0
192.3015E+0	942.0100E+0	40.3077E+0	-1.7239E+0	23.3823E+0	34.2233E+0
192.4515E+0	943.0100E+0	40.5624E+0	-1.7899E+0	22.6617E+0	34.2286E+0
192.6015E+0	944.0100E+0	40.6377E+0	-1.7626E+0	23.0554E+0	34.2267E+0
192.7515E+0	945.0100E+0	40.4654E+0	-1.6718E+0	24.2043E+0	34.2108E+0
192.9015E+0	946.0100E+0	40.4019E+0	-1.6618E+0	24.3114E+0	34.2111E+0
193.0515E+0	947.0100E+0	40.0669E+0	-1.5655E+0	25.5944E+0	34.2068E+0
193.2015E+0	948.0100E+0	39.7306E+0	-1.5942E+0	24.9223E+0	34.2007E+0
193.3515E+0	949.0100E+0	39.5727E+0	-1.6150E+0	24.5030E+0	34.2028E+0
193.5015E+0	950.0100E+0	39.4726E+0	-1.6750E+0	23.5663E+0	34.2226E+0
193.6515E+0	951.0100E+0	39.2648E+0	-1.7089E+0	22.9769E+0	34.2511E+0
193.8015E+0	952.0100E+0	39.2227E+0	-1.8527E+0	21.1703E+0	34.2338E+0
193.9515E+0	953.0100E+0	39.1349E+0	-1.7407E+0	22.4828E+0	34.2241E+0
194.1015E+0	954.0100E+0	39.2308E+0	-1.7171E+0	22.8476E+0	34.2297E+0
194.2515E+0	955.0100E+0	39.3239E+0	-1.6837E+0	23.3559E+0	34.2263E+0
194.4015E+0	956.0100E+0	39.4786E+0	-1.7308E+0	22.8092E+0	34.2339E+0
194.5515E+0	957.0100E+0	39.7405E+0	-1.6785E+0	23.6756E+0	34.2464E+0
194.7015E+0	958.0100E+0	39.6791E+0	-1.6563E+0	23.9571E+0	34.2354E+0
194.8515E+0	959.0100E+0	39.6508E+0	-1.7183E+0	23.0761E+0	34.2259E+0
195.0015E+0	960.0100E+0	39.6331E+0	-1.6143E+0	24.5510E+0	34.2223E+0
195.1515E+0	961.0100E+0	39.6907E+0	-1.6758E+0	23.6847E+0	34.2219E+0
195.3015E+0	962.0100E+0	39.4741E+0	-1.8187E+0	21.7049E+0	34.2103E+0
195.4515E+0	963.0100E+0	39.2373E+0	-1.8330E+0	21.4065E+0	34.1988E+0
195.6015E+0	964.0100E+0	39.1356E+0	-1.7063E+0	22.9355E+0	34.2016E+0
195.7515E+0	965.0100E+0	38.7582E+0	-1.7577E+0	22.0508E+0	34.1888E+0
195.9015E+0	966.0100E+0	38.6005E+0	-1.5932E+0	24.2285E+0	34.1717E+0
196.0515E+0	967.0100E+0	38.2899E+0	-1.6812E+0	22.7752E+0	34.1668E+0
196.2015E+0	968.0100E+0	38.3688E+0	-1.7092E+0	22.4477E+0	34.1807E+0
196.3515E+0	969.0100E+0	38.4774E+0	-1.6167E+0	23.7992E+0	34.1879E+0
196.5015E+0	970.0100E+0	38.4598E+0	-1.6646E+0	23.1039E+0	34.1850E+0
196.6515E+0	971.0100E+0	38.5391E+0	-1.5882E+0	24.2658E+0	34.1821E+0
196.8015E+0	972.0100E+0	38.5981E+0	-1.6433E+0	23.4885E+0	34.1954E+0
196.9515E+0	973.0100E+0	38.9045E+0	-1.5958E+0	24.3801E+0	34.1999E+0
197.1015E+0	974.0100E+0	39.0210E+0	-1.6044E+0	24.3217E+0	34.1888E+0
197.2515E+0	975.0100E+0	39.1112E+0	-1.4947E+0	26.1659E+0	34.1835E+0
197.4015E+0	976.0100E+0	39.0412E+0	-1.6854E+0	23.1649E+0	34.1963E+0
197.5515E+0	977.0100E+0	38.8261E+0	-1.6715E+0	23.2288E+0	34.1973E+0
197.7015E+0	978.0100E+0	38.6117E+0	-1.7734E+0	21.7730E+0	34.2119E+0
197.8515E+0	979.0100E+0	38.4616E+0	-1.6734E+0	22.9838E+0	34.2019E+0
198.0015E+0	980.0100E+0	38.1015E+0	-1.6219E+0	23.4915E+0	34.1993E+0
198.1515E+0	981.0100E+0	37.9804E+0	-1.5648E+0	24.2720E+0	34.2060E+0
198.3015E+0	982.0100E+0	37.8152E+0	-1.5898E+0	23.7863E+0	34.2201E+0
198.4515E+0	983.0100E+0	37.7379E+0	-1.6374E+0	23.0469E+0	34.2197E+0
198.6015E+0	984.0100E+0	37.8546E+0	-1.8200E+0	20.7997E+0	34.2397E+0
198.7515E+0	985.0100E+0	37.9073E+0	-1.6809E+0	22.5521E+0	34.2441E+0
198.9015E+0	986.0100E+0	38.1980E+0	-1.5677E+0	24.3659E+0	34.2421E+0
199.0515E+0	987.0100E+0	38.1012E+0	-1.6159E+0	23.5783E+0	34.2522E+0
199.2015E+0	988.0100E+0	38.1774E+0	-1.6715E+0	22.8408E+0	34.2710E+0
199.3515E+0	989.0100E+0	38.2561E+0	-1.5941E+0	23.9988E+0	34.2648E+0
199.5015E+0	990.0100E+0	38.5205E+0	-1.5493E+0	24.8624E+0	34.2821E+0
199.6515E+0	991.0100E+0	38.5206E+0	-1.7827E+0	21.6075E+0	34.2988E+0
199.8015E+0	992.0100E+0	38.3989E+0	-1.6072E+0	23.8913E+0	34.3119E+0
199.9515E+0	993.0100E+0	38.0724E+0	-1.7211E+0	22.1211E+0	34.3057E+0
200.1015E+0	994.0100E+0	37.9055E+0	-1.7836E+0	21.2517E+0	34.2884E+0
200.2515E+0	995.0100E+0	37.7550E+0	-1.8559E+0	20.3434E+0	34.2818E+0
200.4015E+0	996.0100E+0	37.4347E+0	-1.8245E+0	20.5180E+0	34.2644E+0
200.5515E+0	997.0100E+0	37.4357E+0	-1.7100E+0	21.8928E+0	34.2627E+0
200.7015E+0	998.0100E+0	37.3012E+0	-1.7712E+0	21.0600E+0	34.2599E+0
200.8515E+0	999.0100E+0	37.0796E+0	-1.6460E+0	22.5276E+0	34.2614E+0
201.0015E+0	1.0000E+3	37.0898E+0	-1.6362E+0	22.6689E+0	34.2571E+0
201.1515E+0	1.0010E+3	37.2636E+0	-1.6077E+0	23.1785E+0	34.2584E+0
