48.1505E+0	-18.9967E+0	-99.6479E-3	-5.3405E+0	-18.6588E-3	29.7228E+0
48.3000E+0	-18.0000E+0	43.4151E-3	-5.2377E+0	8.2890E-3	29.7421E+0
48.4500E+0	-17.0000E+0	-23.8541E-3	-5.2617E+0	-4.5335E-3	29.7612E+0
48.6000E+0	-16.0000E+0	-61.7780E-3	-5.2840E+0	-11.6916E-3	29.7669E+0
48.7500E+0	-15.0000E+0	4.0823E-3	-5.2690E+0	774.7777E-6	29.7839E+0
48.9000E+0	-14.0000E+0	-119.7903E-3	-5.3864E+0	-22.2392E-3	29.7658E+0
49.0500E+0	-13.0000E+0	-64.8779E-3	-5.4535E+0	-11.8966E-3	29.7389E+0
49.2000E+0	-12.0000E+0	-80.1694E-3	-5.3101E+0	-15.0975E-3	29.7323E+0
49.3500E+0	-11.0000E+0	-94.0531E-3	-5.2703E+0	-17.8458E-3	29.7403E+0
49.5000E+0	-10.0000E+0	-179.0929E-3	-5.4010E+0	-33.1591E-3	29.7527E+0
49.6500E+0	-9.0000E+0	49.5057E-3	-5.2525E+0	9.4252E-3	29.7579E+0
49.8000E+0	-8.0000E+0	17.2086E-3	-5.2048E+0	3.3063E-3	29.7621E+0
49.9500E+0	-7.0000E+0	-61.7717E-3	-5.2756E+0	-11.7090E-3	29.7860E+0
50.1000E+0	-6.0000E+0	-143.1578E-3	-5.2872E+0	-27.0763E-3	29.7973E+0
50.2500E+0	-5.0000E+0	-97.4375E-3	-5.3606E+0	-18.1767E-3	29.7870E+0
50.4000E+0	-4.0000E+0	134.7318E-3	-5.3477E+0	25.1944E-3	29.7788E+0
50.5500E+0	-3.0000E+0	1.3896E+0	-5.2262E+0	265.8839E-3	29.7542E+0
50.7000E+0	-2.0000E+0	6.7950E+0	-5.2115E+0	1.3038E+0	29.7764E+0
50.8500E+0	-1.0000E+0	49.6046E+0	-5.3820E+0	9.2167E+0	29.7850E+0
51.0000E+0	0.0000E+0	324.7026E+0	-5.4173E+0	59.9383E+0	29.8047E+0
51.1500E+0	1.0000E+0	685.8946E+0	-5.4872E+0	124.9988E+0	29.8196E+0
51.3000E+0	2.0000E+0	860.6983E+0	-5.6399E+0	152.6084E+0	29.8015E+0
51.4500E+0	3.0000E+0	807.6225E+0	-5.6178E+0	143.7617E+0	29.8115E+0
51.6000E+0	4.0000E+0	714.5967E+0	-5.4689E+0	130.6655E+0	29.8241E+0
51.7500E+0	5.0000E+0	725.8115E+0	-5.7003E+0	127.3297E+0	29.8122E+0
51.9000E+0	6.0000E+0	776.3651E+0	-5.7089E+0	135.9921E+0	29.7992E+0
52.0500E+0	7.0000E+0	746.7694E+0	-5.6406E+0	132.3927E+0	29.7942E+0
52.2000E+0	8.0000E+0	675.9156E+0	-5.6524E+0	119.5794E+0	29.7936E+0
52.3500E+0	9.0000E+0	664.5495E+0	-5.5256E+0	120.2674E+0	29.8529E+0
52.5000E+0	10.0000E+0	690.8560E+0	-5.6585E+0	122.0928E+0	29.8516E+0
52.6500E+0	11.0000E+0	676.3964E+0	-5.6862E+0	118.9551E+0	29.8543E+0
52.8000E+0	12.0000E+0	629.9814E+0	-5.5559E+0	113.3888E+0	29.8445E+0
52.9500E+0	13.0000E+0	606.8638E+0	-5.5090E+0	110.1594E+0	29.8365E+0
53.1000E+0	14.0000E+0	617.7704E+0	-5.4311E+0	113.7468E+0	29.8533E+0
53.2500E+0	15.0000E+0	614.6164E+0	-5.4895E+0	111.9622E+0	29.8697E+0
53.4000E+0	16.0000E+0	588.6656E+0	-5.6275E+0	104.6046E+0	29.8543E+0
53.5500E+0	17.0000E+0	564.0001E+0	-5.5420E+0	101.7676E+0	29.8694E+0
53.7000E+0	18.0000E+0	568.6938E+0	-5.4919E+0	103.5518E+0	29.8600E+0
53.8500E+0	19.0000E+0	572.1743E+0	-5.4763E+0	104.4826E+0	29.8588E+0
54.0000E+0	20.0000E+0	556.6333E+0	-5.4465E+0	102.2004E+0	29.8647E+0
54.1500E+0	21.0000E+0	545.0190E+0	-5.4007E+0	100.9170E+0	29.8570E+0
54.3000E+0	22.0000E+0	549.8885E+0	-5.5261E+0	99.5071E+0	29.8675E+0
54.4500E+0	23.0000E+0	551.2140E+0	-5.6028E+0	98.3811E+0	29.8820E+0
54.6000E+0	24.0000E+0	543.0347E+0	-5.4795E+0	99.1036E+0	29.9233E+0
54.7500E+0	25.0000E+0	532.1028E+0	-5.4865E+0	96.9838E+0	29.9359E+0
54.9000E+0	26.0000E+0	533.1850E+0	-5.5741E+0	95.6541E+0	29.9249E+0
55.0500E+0	27.0000E+0	538.4477E+0	-5.6697E+0	94.9687E+0	29.9114E+0
55.2000E+0	28.0000E+0	529.7985E+0	-5.4189E+0	97.7694E+0	29.8767E+0
55.3500E+0	29.0000E+0	520.7853E+0	-5.4508E+0	95.5422E+0	29.8602E+0
55.5000E+0	30.0000E+0	520.2363E+0	-5.7142E+0	91.0429E+0	29.8590E+0
55.6500E+0	31.0000E+0	521.4016E+0	-5.4773E+0	95.1939E+0	29.8398E+0
55.8000E+0	32.0000E+0	519.0508E+0	-5.4689E+0	94.9089E+0	29.8324E+0
55.9500E+0	33.0000E+0	507.9987E+0	-5.5396E+0	91.7026E+0	29.8572E+0
56.1000E+0	34.0000E+0	506.7279E+0	-5.6669E+0	89.4190E+0	29.8120E+0
56.2500E+0	35.0000E+0	509.4880E+0	-5.4875E+0	92.8445E+0	29.8006E+0
56.4000E+0	36.0000E+0	509.1764E+0	-5.4143E+0	94.0431E+0	29.8241E+0
56.5500E+0	37.0000E+0	505.4083E+0	-5.5849E+0	90.4961E+0	29.8363E+0
56.7000E+0	38.0000E+0	502.4391E+0	-5.4015E+0	93.0185E+0	29.8575E+0
56.8500E+0	39.0000E+0	502.8362E+0	-5.6879E+0	88.4042E+0	29.8768E+0
57.0000E+0	40.0000E+0	499.8670E+0	-5.6744E+0	88.0920E+0	29.8864E+0
57.1500E+0	41.0000E+0	497.9594E+0	-5.4863E+0	90.7644E+0	29.8860E+0
57.3000E+0	42.0000E+0	496.9069E+0	-5.5828E+0	89.0060E+0	29.8484E+0
57.4500E+0	43.0000E+0	493.8218E+0	-5.5965E+0	88.2383E+0	29.8652E+0
57.6000E+0	44.0000E+0	492.8538E+0	-5.6266E+0	87.5932E+0	29.8697E+0
57.7500E+0	45.0000E+0	491.0007E+0	-5.6941E+0	86.2302E+0	29.8782E+0
57.9000E+0	46.0000E+0	488.4823E+0	-5.5934E+0	87.3321E+0	29.8887E+0
58.0500E+0	47.0000E+0	487.4540E+0	-5.6465E+0	86.3288E+0	29.8996E+0
58.2000E+0	48.0000E+0	487.2662E+0	-5.6086E+0	86.8784E+0	29.8883E+0
58.3500E+0	49.0000E+0	485.8732E+0	-5.6513E+0	85.9755E+0	29.9032E+0
58.5000E+0	50.0000E+0	486.4267E+0	-5.6612E+0	85.9235E+0	29.9090E+0
58.6500E+0	51.0000E+0	485.0663E+0	-5.7199E+0	84.8029E+0	29.9013E+0
58.8000E+0	52.0000E+0	487.8718E+0	-5.8906E+0	82.8217E+0	29.8848E+0
58.9500E+0	53.0000E+0	485.7499E+0	-5.7171E+0	84.9639E+0	29.8745E+0
59.1000E+0	54.0000E+0	482.2377E+0	-5.7307E+0	84.1497E+0	29.8683E+0
59.2500E+0	55.0000E+0	480.3546E+0	-5.6180E+0	85.5030E+0	29.8771E+0
59.4000E+0	56.0000E+0	480.4860E+0	-5.5643E+0	86.3514E+0	29.8797E+0
59.5500E+0	57.0000E+0	479.6154E+0	-5.7814E+0	82.9580E+0	29.8800E+0
59.7000E+0	58.0000E+0	475.9427E+0	-5.7289E+0	83.0772E+0	29.9022E+0
59.8500E+0	59.0000E+0	475.1048E+0	-5.5003E+0	86.3787E+0	29.8996E+0
60.0000E+0	60.0000E+0	473.3865E+0	-5.4852E+0	86.3019E+0	29.8937E+0
60.1500E+0	61.0000E+0	470.9757E+0	-5.6089E+0	83.9697E+0	29.9349E+0
60.3005E+0	62.0033E+0	470.4358E+0	-5.6098E+0	83.8593E+0	29.9333E+0
60.4500E+0	63.0000E+0	467.2592E+0	-5.5155E+0	84.7174E+0	29.9584E+0
60.6000E+0	64.0000E+0	469.3170E+0	-5.6580E+0	82.9480E+0	29.9243E+0
60.7500E+0	65.0000E+0	470.5474E+0	-5.6840E+0	82.7846E+0	29.9089E+0
60.9000E+0	66.0000E+0	469.9658E+0	-5.5630E+0	84.4808E+0	29.9037E+0
61.0500E+0	67.0000E+0	467.6027E+0	-5.4667E+0	85.5368E+0	29.9355E+0
61.2000E+0	68.0000E+0	467.8044E+0	-5.6387E+0	82.9637E+0	29.9309E+0
61.3500E+0	69.0000E+0	466.3469E+0	-5.6382E+0	82.7123E+0	29.9136E+0
61.5000E+0	70.0000E+0	464.2477E+0	-5.6601E+0	82.0211E+0	29.8972E+0
61.6500E+0	71.0000E+0	464.5028E+0	-5.7451E+0	80.8522E+0	29.8791E+0
61.8000E+0	72.0000E+0	462.3999E+0	-5.6387E+0	82.0053E+0	29.8838E+0
61.9500E+0	73.0000E+0	462.6764E+0	-5.7957E+0	79.8307E+0	29.8665E+0
62.1000E+0	74.0000E+0	459.9836E+0	-5.6120E+0	81.9645E+0	29.8784E+0
62.2500E+0	75.0000E+0	457.2829E+0	-5.5840E+0	81.8918E+0	29.8735E+0
62.4000E+0	76.0000E+0	457.4058E+0	-5.5937E+0	81.7710E+0	29.8743E+0
62.5500E+0	77.0000E+0	456.6302E+0	-5.7549E+0	79.3462E+0	29.8765E+0
62.7000E+0	78.0000E+0	457.6572E+0	-5.7507E+0	79.5835E+0	29.8653E+0
62.8500E+0	79.0000E+0	456.4016E+0	-5.7400E+0	79.5130E+0	29.8561E+0
63.0000E+0	80.0000E+0	455.7382E+0	-5.6720E+0	80.3487E+0	29.8642E+0
63.1500E+0	81.0000E+0	454.3089E+0	-5.5729E+0	81.5213E+0	29.8753E+0
63.3000E+0	82.0000E+0	454.7645E+0	-5.6522E+0	80.4575E+0	29.8681E+0
63.4500E+0	83.0000E+0	454.4790E+0	-5.7088E+0	79.6097E+0	29.9019E+0
63.6000E+0	84.0000E+0	453.7895E+0	-5.6128E+0	80.8485E+0	29.8838E+0
63.7500E+0	85.0000E+0	454.7222E+0	-5.5944E+0	81.2819E+0	29.8638E+0
63.9000E+0	86.0000E+0	451.6912E+0	-5.5246E+0	81.7598E+0	29.8579E+0
64.0500E+0	87.0000E+0	451.1553E+0	-5.5276E+0	81.6194E+0	29.8455E+0
64.2000E+0	88.0000E+0	451.5138E+0	-5.5276E+0	81.6834E+0	29.8560E+0
64.3500E+0	89.0000E+0	451.2212E+0	-5.6419E+0	79.9771E+0	29.8862E+0
64.5000E+0	90.0000E+0	449.2986E+0	-5.6271E+0	79.8453E+0	29.8826E+0
64.6500E+0	91.0000E+0	445.4561E+0	-5.6120E+0	79.3762E+0	29.8957E+0
64.8000E+0	92.0000E+0	444.3426E+0	-5.5187E+0	80.5154E+0	29.8872E+0
64.9500E+0	93.0000E+0	444.3986E+0	-5.6564E+0	78.5661E+0	29.8593E+0
65.1000E+0	94.0000E+0	443.9895E+0	-5.7734E+0	76.9028E+0	29.8511E+0
65.2500E+0	95.0000E+0	442.6726E+0	-5.7943E+0	76.3977E+0	29.8690E+0
65.4000E+0	96.0000E+0	443.5351E+0	-5.6521E+0	78.4720E+0	29.8523E+0
65.5500E+0	97.0000E+0	444.2943E+0	-5.7223E+0	77.6428E+0	29.8778E+0
65.7000E+0	98.0000E+0	444.1775E+0	-5.6034E+0	79.2692E+0	29.8856E+0
65.8500E+0	99.0000E+0	445.7242E+0	-5.7236E+0	77.8752E+0	29.8727E+0
66.0000E+0	100.0000E+0	447.4779E+0	-5.6550E+0	79.1302E+0	29.8788E+0
66.1500E+0	101.0000E+0	444.1736E+0	-5.7834E+0	76.8019E+0	29.8819E+0
66.3000E+0	102.0000E+0	438.5598E+0	-5.5143E+0	79.5310E+0	29.8861E+0
66.4500E+0	103.0000E+0	439.5339E+0	-5.7687E+0	76.1935E+0	29.8989E+0
66.6000E+0	104.0000E+0	439.7392E+0	-5.6676E+0	77.5879E+0	29.9115E+0
66.7500E+0	105.0000E+0	435.9825E+0	-5.5996E+0	77.8602E+0	29.8925E+0
66.9000E+0	106.0000E+0	433.8085E+0	-5.6461E+0	76.8330E+0	29.9002E+0
67.0505E+0	107.0033E+0	432.7685E+0	-5.6846E+0	76.1299E+0	29.9195E+0
67.2000E+0	108.0000E+0	435.3442E+0	-5.6187E+0	77.4819E+0	29.8869E+0
67.3500E+0	109.0000E+0	434.3917E+0	-5.5623E+0	78.0957E+0	29.8933E+0
67.5000E+0	110.0000E+0	434.1345E+0	-5.5045E+0	78.8691E+0	29.8850E+0
67.6500E+0	111.0000E+0	435.2903E+0	-5.6099E+0	77.5930E+0	29.9044E+0
67.8000E+0	112.0000E+0	434.5609E+0	-5.6425E+0	77.0159E+0	29.9195E+0
67.9500E+0	113.0000E+0	435.1082E+0	-5.7321E+0	75.9076E+0	29.9056E+0
68.1000E+0	114.0000E+0	434.7688E+0	-5.6197E+0	77.3654E+0	29.8919E+0
68.2500E+0	115.0000E+0	434.4186E+0	-5.5688E+0	78.0091E+0	29.9167E+0
68.4000E+0	116.0000E+0	435.4873E+0	-5.6559E+0	76.9975E+0	29.9308E+0
68.5500E+0	117.0000E+0	434.3379E+0	-5.6508E+0	76.8627E+0	29.9232E+0
68.7000E+0	118.0000E+0	433.5809E+0	-5.7294E+0	75.6764E+0	29.9097E+0
68.8500E+0	119.0000E+0	433.4531E+0	-5.7744E+0	75.0642E+0	29.8967E+0
69.0000E+0	120.0000E+0	432.3176E+0	-5.7604E+0	75.0504E+0	29.8990E+0
69.1500E+0	121.0000E+0	429.7553E+0	-5.6627E+0	75.8929E+0	29.9337E+0
69.3000E+0	122.0000E+0	427.3074E+0	-5.6336E+0	75.8493E+0	29.9457E+0
69.4500E+0	123.0000E+0	426.0130E+0	-5.6857E+0	74.9277E+0	29.9497E+0
69.6000E+0	124.0000E+0	425.3348E+0	-5.5633E+0	76.4531E+0	29.9472E+0
69.7500E+0	125.0000E+0	425.4919E+0	-5.5980E+0	76.0080E+0	29.9551E+0
69.9000E+0	126.0000E+0	426.0312E+0	-5.7331E+0	74.3109E+0	29.9371E+0
70.0500E+0	127.0000E+0	425.3989E+0	-5.6299E+0	75.5601E+0	29.9441E+0
70.2000E+0	128.0000E+0	426.7377E+0	-5.6463E+0	75.5784E+0	29.9421E+0
70.3500E+0	129.0000E+0	424.6618E+0	-5.5879E+0	75.9966E+0	29.9323E+0
70.5000E+0	130.0000E+0	426.0757E+0	-5.6317E+0	75.6573E+0	29.9569E+0
70.6500E+0	131.0000E+0	425.1047E+0	-5.6039E+0	75.8590E+0	29.9581E+0
70.8000E+0	132.0000E+0	424.4690E+0	-5.6551E+0	75.0597E+0	29.9474E+0
70.9500E+0	133.0000E+0	422.4794E+0	-5.6305E+0	75.0346E+0	29.9921E+0
71.1000E+0	134.0000E+0	421.5482E+0	-5.5971E+0	75.3149E+0	30.0086E+0
71.2500E+0	135.0000E+0	418.8667E+0	-5.5181E+0	75.9072E+0	29.9941E+0
71.4000E+0	136.0000E+0	418.0479E+0	-5.6842E+0	73.5457E+0	29.9567E+0
71.5500E+0	137.0000E+0	416.2168E+0	-5.7488E+0	72.4008E+0	29.9618E+0
71.7000E+0	138.0000E+0	416.6222E+0	-5.7207E+0	72.8266E+0	29.9664E+0
71.8500E+0	139.0000E+0	417.1886E+0	-5.7245E+0	72.8777E+0	29.9712E+0
72.0000E+0	140.0000E+0	417.3764E+0	-5.6290E+0	74.1474E+0	29.9437E+0
72.1500E+0	141.0000E+0	416.4198E+0	-5.5847E+0	74.5646E+0	29.9095E+0
72.3000E+0	142.0000E+0	416.6989E+0	-5.6195E+0	74.1521E+0	29.8903E+0
72.4500E+0	143.0000E+0	416.8379E+0	-5.6737E+0	73.4686E+0	29.8773E+0
72.6000E+0	144.0000E+0	415.6291E+0	-5.6477E+0	73.5926E+0	29.8792E+0
72.7500E+0	145.0000E+0	414.6439E+0	-5.7416E+0	72.2173E+0	29.8962E+0
72.9000E+0	146.0000E+0	411.7702E+0	-5.5566E+0	74.1048E+0	29.9009E+0
73.0500E+0	147.0000E+0	412.5003E+0	-5.6654E+0	72.8109E+0	29.8586E+0
73.2000E+0	148.0000E+0	412.7577E+0	-5.8056E+0	71.0966E+0	29.8475E+0
73.3500E+0	149.0000E+0	412.2130E+0	-5.6749E+0	72.6374E+0	29.8506E+0
73.5000E+0	150.0000E+0	409.4255E+0	-5.5311E+0	74.0226E+0	29.8434E+0
73.6500E+0	151.0000E+0	408.1878E+0	-5.7352E+0	71.1718E+0	29.8236E+0
73.8000E+0	152.0000E+0	408.6423E+0	-5.7558E+0	70.9970E+0	29.8361E+0
73.9500E+0	153.0000E+0	407.5452E+0	-5.7182E+0	71.2715E+0	29.8272E+0
74.1000E+0	154.0000E+0	405.8631E+0	-5.7460E+0	70.6342E+0	29.8474E+0
74.2500E+0	155.0000E+0	404.6630E+0	-5.6772E+0	71.2780E+0	29.8369E+0
74.4000E+0	156.0000E+0	404.5109E+0	-5.6789E+0	71.2310E+0	29.8444E+0
74.5500E+0	157.0000E+0	405.3073E+0	-5.6852E+0	71.2912E+0	29.8429E+0
74.7000E+0	158.0000E+0	404.7684E+0	-5.7535E+0	70.3519E+0	29.8439E+0
74.8500E+0	159.0000E+0	404.4270E+0	-5.6550E+0	71.5170E+0	29.8596E+0
75.0005E+0	160.0033E+0	404.1117E+0	-5.5724E+0	72.5200E+0	29.8624E+0
75.1505E+0	161.0033E+0	405.3078E+0	-5.6271E+0	72.0272E+0	29.8458E+0
75.3005E+0	162.0033E+0	404.5646E+0	-5.6354E+0	71.7894E+0	29.8470E+0
75.4505E+0	163.0033E+0	404.2111E+0	-5.4874E+0	73.6616E+0	29.8505E+0
75.6005E+0	164.0033E+0	404.2760E+0	-5.6373E+0	71.7145E+0	29.8491E+0
75.7505E+0	165.0033E+0	402.0348E+0	-5.7833E+0	69.5166E+0	29.8675E+0
75.9005E+0	166.0033E+0	400.0544E+0	-5.8382E+0	68.5233E+0	29.8494E+0
76.0505E+0	167.0033E+0	399.2044E+0	-5.6009E+0	71.2753E+0	29.8497E+0
76.2005E+0	168.0033E+0	397.2700E+0	-5.5999E+0	70.9417E+0	29.8486E+0
76.3505E+0	169.0033E+0	397.0418E+0	-5.6881E+0	69.8024E+0	29.8450E+0
76.5005E+0	170.0033E+0	396.1931E+0	-5.6835E+0	69.7091E+0	29.8631E+0
76.6505E+0	171.0033E+0	392.5538E+0	-5.5779E+0	70.3766E+0	29.8683E+0
76.8005E+0	172.0033E+0	396.9731E+0	-5.7253E+0	69.3365E+0	29.8898E+0
76.9505E+0	173.0033E+0	396.1943E+0	-5.8724E+0	67.4669E+0	29.9304E+0
77.1005E+0	174.0033E+0	395.6664E+0	-5.7793E+0	68.4624E+0	29.9227E+0
77.2505E+0	175.0033E+0	397.2256E+0	-5.6852E+0	69.8706E+0	29.8992E+0
77.4005E+0	176.0033E+0	397.7545E+0	-5.7585E+0	69.0728E+0	29.9052E+0
77.5505E+0	177.0033E+0	397.4585E+0	-5.7577E+0	69.0305E+0	29.9111E+0
77.7005E+0	178.0033E+0	398.0623E+0	-5.6823E+0	70.0525E+0	29.9082E+0
77.8505E+0	179.0033E+0	398.1947E+0	-5.9273E+0	67.1797E+0	29.8886E+0
78.0005E+0	180.0033E+0	396.3546E+0	-5.9914E+0	66.1542E+0	29.9037E+0
78.1505E+0	181.0033E+0	396.0180E+0	-5.9786E+0	66.2392E+0	29.9313E+0
78.3005E+0	182.0033E+0	393.8677E+0	-5.9707E+0	65.9669E+0	29.9124E+0
78.4505E+0	183.0033E+0	390.5656E+0	-5.8869E+0	66.3446E+0	29.9166E+0
78.6005E+0	184.0033E+0	389.3260E+0	-5.8102E+0	67.0069E+0	29.9321E+0
78.7505E+0	185.0033E+0	389.3790E+0	-5.9281E+0	65.6838E+0	29.8994E+0
78.9005E+0	186.0033E+0	388.6653E+0	-5.9420E+0	65.4098E+0	29.8939E+0
79.0505E+0	187.0033E+0	387.8457E+0	-5.8868E+0	65.8840E+0	29.9058E+0
79.2005E+0	188.0033E+0	386.9133E+0	-5.7873E+0	66.8553E+0	29.9163E+0
79.3505E+0	189.0033E+0	389.1568E+0	-5.8300E+0	66.7511E+0	29.8842E+0
79.5005E+0	190.0033E+0	387.1573E+0	-5.8020E+0	66.7285E+0	29.9186E+0
79.6505E+0	191.0033E+0	387.5078E+0	-5.8931E+0	65.7561E+0	29.9625E+0
79.8005E+0	192.0033E+0	387.3652E+0	-5.8077E+0	66.6990E+0	29.9483E+0
79.9505E+0	193.0033E+0	390.2447E+0	-6.0004E+0	65.0360E+0	29.9237E+0
80.1005E+0	194.0033E+0	389.4085E+0	-5.8277E+0	66.8199E+0	29.9118E+0
80.2510E+0	195.0067E+0	389.7240E+0	-5.9577E+0	65.4155E+0	29.9031E+0
80.4005E+0	196.0033E+0	388.2613E+0	-5.7970E+0	66.9765E+0	29.9372E+0
80.5505E+0	197.0033E+0	387.8498E+0	-5.9042E+0	65.6907E+0	29.9457E+0
80.7005E+0	198.0033E+0	385.7631E+0	-5.9065E+0	65.3119E+0	29.9238E+0
80.8505E+0	199.0033E+0	385.8896E+0	-5.9539E+0	64.8124E+0	29.8927E+0
81.0005E+0	200.0033E+0	383.5255E+0	-5.8959E+0	65.0499E+0	29.9283E+0
81.1505E+0	201.0033E+0	380.5036E+0	-5.9210E+0	64.2638E+0	29.9400E+0
81.3005E+0	202.0033E+0	380.7215E+0	-5.8376E+0	65.2189E+0	29.9288E+0
81.4505E+0	203.0033E+0	379.2310E+0	-5.8620E+0	64.6935E+0	29.9221E+0
81.6005E+0	204.0033E+0	379.7371E+0	-5.9230E+0	64.1127E+0	29.9376E+0
81.7505E+0	205.0033E+0	380.9600E+0	-5.8555E+0	65.0606E+0	29.9323E+0
81.9005E+0	206.0033E+0	382.0194E+0	-5.9743E+0	63.9439E+0	29.9262E+0
82.0505E+0	207.0033E+0	382.9008E+0	-5.9177E+0	64.7038E+0	29.9282E+0
82.2005E+0	208.0033E+0	381.5107E+0	-5.9175E+0	64.4713E+0	29.9416E+0
82.3505E+0	209.0033E+0	381.0184E+0	-5.9638E+0	63.8884E+0	29.9431E+0
82.5005E+0	210.0033E+0	380.4609E+0	-5.8810E+0	64.6937E+0	29.9538E+0
82.6505E+0	211.0033E+0	380.2851E+0	-5.6929E+0	66.8000E+0	29.9301E+0
82.8005E+0	212.0033E+0	376.8505E+0	-5.6462E+0	66.7447E+0	29.9291E+0
82.9505E+0	213.0033E+0	375.4570E+0	-5.7568E+0	65.2193E+0	29.9403E+0
83.1005E+0	214.0033E+0	373.7807E+0	-5.8158E+0	64.2698E+0	29.9491E+0
83.2505E+0	215.0033E+0	373.7462E+0	-5.7937E+0	64.5094E+0	29.9426E+0
83.4005E+0	216.0033E+0	374.0726E+0	-5.8041E+0	64.4498E+0	29.9330E+0
83.5505E+0	217.0033E+0	372.7109E+0	-5.7526E+0	64.7896E+0	29.9354E+0
83.7005E+0	218.0033E+0	373.5516E+0	-5.5980E+0	66.7298E+0	29.9333E+0
83.8505E+0	219.0033E+0	372.9372E+0	-5.7439E+0	64.9270E+0	29.9352E+0
84.0005E+0	220.0033E+0	372.7754E+0	-5.7554E+0	64.7693E+0	29.9192E+0
84.1505E+0	221.0033E+0	372.1256E+0	-5.8484E+0	63.6288E+0	29.9263E+0
84.3005E+0	222.0033E+0	373.9689E+0	-5.8348E+0	64.0929E+0	29.9182E+0
84.4505E+0	223.0033E+0	373.4692E+0	-5.8791E+0	63.5245E+0	29.9320E+0
84.6005E+0	224.0033E+0	372.4733E+0	-5.8084E+0	64.1269E+0	29.9336E+0
84.7505E+0	225.0033E+0	370.1773E+0	-5.7556E+0	64.3160E+0	29.9612E+0
84.9005E+0	226.0033E+0	369.8863E+0	-5.7147E+0	64.7254E+0	29.9598E+0
85.0510E+0	227.0067E+0	369.0402E+0	-5.6591E+0	65.2119E+0	29.9350E+0
85.2005E+0	228.0033E+0	369.0540E+0	-5.6842E+0	64.9267E+0	29.9180E+0
85.3505E+0	229.0033E+0	368.7193E+0	-5.7283E+0	64.3677E+0	29.9011E+0
85.5005E+0	230.0033E+0	367.4939E+0	-5.7981E+0	63.3819E+0	29.8783E+0
85.6505E+0	231.0033E+0	364.9329E+0	-5.5600E+0	65.6357E+0	29.9095E+0
85.8005E+0	232.0033E+0	365.2830E+0	-5.6260E+0	64.9271E+0	29.8886E+0
85.9505E+0	233.0033E+0	366.0007E+0	-5.7380E+0	63.7857E+0	29.9053E+0
86.1005E+0	234.0033E+0	364.2013E+0	-5.7382E+0	63.4699E+0	29.9017E+0
86.2505E+0	235.0033E+0	365.8014E+0	-5.7468E+0	63.6528E+0	29.8812E+0
86.4005E+0	236.0033E+0	366.3431E+0	-5.6821E+0	64.4731E+0	29.9151E+0
86.5505E+0	237.0033E+0	367.4150E+0	-5.7144E+0	64.2963E+0	29.8847E+0
86.7005E+0	238.0033E+0	365.1708E+0	-5.7563E+0	63.4387E+0	29.9559E+0
86.8505E+0	239.0033E+0	367.2560E+0	-5.7636E+0	63.7203E+0	29.9187E+0
87.0005E+0	240.0033E+0	365.7459E+0	-5.7849E+0	63.2248E+0	29.9099E+0
87.1505E+0	241.0033E+0	363.8504E+0	-5.6951E+0	63.8881E+0	29.9270E+0
87.3005E+0	242.0033E+0	362.9792E+0	-5.8663E+0	61.8749E+0	29.9005E+0
87.4505E+0	243.0033E+0	362.4868E+0	-5.8390E+0	62.0806E+0	29.8883E+0
87.6005E+0	244.0033E+0	358.6334E+0	-5.7916E+0	61.9234E+0	29.8979E+0
87.7505E+0	245.0033E+0	359.0146E+0	-5.7823E+0	62.0881E+0	29.8902E+0
87.9005E+0	246.0033E+0	358.6905E+0	-5.7570E+0	62.3049E+0	29.8860E+0
88.0505E+0	247.0033E+0	355.7027E+0	-5.6444E+0	63.0192E+0	29.9123E+0
88.2005E+0	248.0033E+0	355.3907E+0	-5.6122E+0	63.3244E+0	29.9130E+0
88.3505E+0	249.0033E+0	357.8547E+0	-5.8056E+0	61.6392E+0	29.8751E+0
88.5005E+0	250.0033E+0	357.6155E+0	-5.8154E+0	61.4951E+0	29.8437E+0
88.6505E+0	251.0033E+0	358.0155E+0	-5.6589E+0	63.2663E+0	29.8912E+0
88.8005E+0	252.0033E+0	358.6301E+0	-5.7924E+0	61.9144E+0	29.8833E+0
88.9505E+0	253.0033E+0	358.9090E+0	-5.6246E+0	63.8105E+0	29.9170E+0
89.1005E+0	254.0033E+0	358.6337E+0	-5.8107E+0	61.7198E+0	29.9795E+0
89.2505E+0	255.0033E+0	361.0091E+0	-5.8504E+0	61.7071E+0	29.9650E+0
89.4005E+0	256.0033E+0	361.0594E+0	-5.6991E+0	63.3541E+0	29.9451E+0
89.5505E+0	257.0033E+0	358.6325E+0	-5.7206E+0	62.6911E+0	29.9749E+0
89.7005E+0	258.0033E+0	358.1206E+0	-5.7760E+0	62.0017E+0	29.9496E+0
89.8505E+0	259.0033E+0	356.1777E+0	-5.5442E+0	64.2434E+0	29.9323E+0
90.0005E+0	260.0033E+0	354.5847E+0	-5.6918E+0	62.2978E+0	29.9284E+0
90.1505E+0	261.0033E+0	352.7390E+0	-5.6978E+0	61.9078E+0	29.9286E+0
90.3005E+0	262.0033E+0	351.6004E+0	-5.5715E+0	63.1067E+0	29.9439E+0
90.4505E+0	263.0033E+0	351.9065E+0	-5.5920E+0	62.9308E+0	29.9105E+0
90.6005E+0	264.0033E+0	351.8765E+0	-5.8173E+0	60.4880E+0	29.9037E+0
90.7505E+0	265.0033E+0	351.1423E+0	-5.6795E+0	61.8264E+0	29.8905E+0
90.9005E+0	266.0033E+0	351.1705E+0	-5.7303E+0	61.2835E+0	29.8940E+0
91.0505E+0	267.0033E+0	351.0022E+0	-5.6786E+0	61.8114E+0	29.9009E+0
91.2005E+0	268.0033E+0	350.3230E+0	-5.7068E+0	61.3871E+0	29.8903E+0
91.3505E+0	269.0033E+0	350.5914E+0	-5.7449E+0	61.0263E+0	29.8777E+0
91.5005E+0	270.0033E+0	350.0101E+0	-5.7337E+0	61.0447E+0	29.8895E+0
91.6505E+0	271.0033E+0	350.1757E+0	-5.6783E+0	61.6692E+0	29.9110E+0
91.8005E+0	272.0033E+0	350.8252E+0	-5.6883E+0	61.6748E+0	29.9051E+0
91.9505E+0	273.0033E+0	347.6459E+0	-5.5411E+0	62.7399E+0	29.9200E+0
92.1005E+0	274.0033E+0	346.6824E+0	-5.6399E+0	61.4701E+0	29.9124E+0
92.2505E+0	275.0033E+0	345.3255E+0	-5.5173E+0	62.5898E+0	29.8964E+0
92.4005E+0	276.0033E+0	345.5352E+0	-5.6034E+0	61.6651E+0	29.8988E+0
92.5505E+0	277.0033E+0	344.7439E+0	-5.6851E+0	60.6403E+0	29.9014E+0
92.7005E+0	278.0033E+0	345.4832E+0	-5.7110E+0	60.4943E+0	29.8749E+0
92.8505E+0	279.0033E+0	343.8528E+0	-5.7664E+0	59.6300E+0	29.8897E+0
93.0005E+0	280.0033E+0	343.8206E+0	-5.6474E+0	60.8810E+0	29.9098E+0
93.1505E+0	281.0033E+0	343.4494E+0	-5.7816E+0	59.4043E+0	29.9250E+0
93.3005E+0	282.0033E+0	344.0758E+0	-5.7442E+0	59.8996E+0	29.9418E+0
93.4505E+0	283.0033E+0	344.7386E+0	-5.7054E+0	60.4228E+0	29.9494E+0
93.6005E+0	284.0033E+0	346.7279E+0	-5.6537E+0	61.3273E+0	29.9500E+0
93.7505E+0	285.0033E+0	346.3493E+0	-5.8344E+0	59.3633E+0	29.9520E+0
93.9005E+0	286.0033E+0	345.8321E+0	-5.8032E+0	59.5938E+0	29.9143E+0
94.0505E+0	287.0033E+0	344.6519E+0	-5.7630E+0	59.8038E+0	29.9151E+0
94.2005E+0	288.0033E+0	343.5416E+0	-5.7279E+0	59.9767E+0	29.8910E+0
94.3505E+0	289.0033E+0	342.4576E+0	-5.8702E+0	58.3379E+0	29.8928E+0
94.5005E+0	290.0033E+0	339.6241E+0	-5.8050E+0	58.5055E+0	29.9263E+0
94.6505E+0	291.0033E+0	338.1011E+0	-5.6805E+0	59.5194E+0	29.9367E+0
94.8005E+0	292.0033E+0	335.8441E+0	-5.6963E+0	58.9586E+0	29.9112E+0
94.9505E+0	293.0033E+0	336.1905E+0	-5.7496E+0	58.4719E+0	29.9269E+0
95.1005E+0	294.0033E+0	336.8952E+0	-5.7565E+0	58.5243E+0	29.9177E+0
95.2505E+0	295.0033E+0	337.0794E+0	-5.7963E+0	58.1540E+0	29.9258E+0
95.4005E+0	296.0033E+0	336.5133E+0	-5.7144E+0	58.8888E+0	29.9457E+0
95.5505E+0	297.0033E+0	337.3251E+0	-5.7196E+0	58.9775E+0	29.9388E+0
95.7005E+0	298.0033E+0	338.1554E+0	-5.7328E+0	58.9856E+0	29.9419E+0
95.8505E+0	299.0033E+0	338.9897E+0	-5.7047E+0	59.4228E+0	29.9460E+0
96.0005E+0	300.0033E+0	339.4705E+0	-5.7175E+0	59.3735E+0	29.9457E+0
96.1505E+0	301.0033E+0	338.5707E+0	-5.8266E+0	58.1074E+0	29.9658E+0
96.3005E+0	302.0033E+0	338.2916E+0	-5.6869E+0	59.4859E+0	29.9510E+0
96.4505E+0	303.0033E+0	336.2891E+0	-5.6201E+0	59.8366E+0	29.9945E+0
96.6005E+0	304.0033E+0	335.8732E+0	-5.7347E+0	58.5684E+0	29.9810E+0
96.7505E+0	305.0033E+0	333.8199E+0	-5.7021E+0	58.5436E+0	29.9715E+0
96.9005E+0	306.0033E+0	331.9075E+0	-5.7987E+0	57.2382E+0	29.9549E+0
97.0505E+0	307.0033E+0	331.3645E+0	-5.7360E+0	57.7695E+0	29.9402E+0
97.2005E+0	308.0033E+0	330.8979E+0	-5.6582E+0	58.4807E+0	29.9427E+0
97.3505E+0	309.0033E+0	329.2668E+0	-5.7321E+0	57.4429E+0	29.9275E+0
97.5005E+0	310.0033E+0	330.2905E+0	-5.7435E+0	57.5065E+0	29.9046E+0
97.6505E+0	311.0033E+0	330.7408E+0	-5.8006E+0	57.0179E+0	29.9189E+0
97.8005E+0	312.0033E+0	330.5865E+0	-5.7647E+0	57.3469E+0	29.9266E+0
97.9505E+0	313.0033E+0	329.2953E+0	-5.6509E+0	58.2726E+0	29.9210E+0
98.1005E+0	314.0033E+0	330.6652E+0	-5.6674E+0	58.3454E+0	29.9047E+0
98.2505E+0	315.0033E+0	330.6767E+0	-5.6992E+0	58.0217E+0	29.8856E+0
98.4005E+0	316.0033E+0	330.8775E+0	-5.6810E+0	58.2433E+0	29.8889E+0
98.5505E+0	317.0033E+0	329.2536E+0	-5.5595E+0	59.2233E+0	29.8698E+0
98.7005E+0	318.0033E+0	329.0664E+0	-5.7191E+0	57.5376E+0	29.8856E+0
98.8505E+0	319.0033E+0	328.0807E+0	-5.7004E+0	57.5544E+0	29.9126E+0
99.0005E+0	320.0033E+0	326.9599E+0	-5.4360E+0	60.1474E+0	29.9188E+0
99.1505E+0	321.0033E+0	324.8384E+0	-5.5792E+0	58.2231E+0	29.8998E+0
99.3005E+0	322.0033E+0	324.6856E+0	-5.5459E+0	58.5448E+0	29.8863E+0
99.4505E+0	323.0033E+0	324.4024E+0	-5.5123E+0	58.8511E+0	29.8808E+0
99.6005E+0	324.0033E+0	322.9026E+0	-5.6058E+0	57.6015E+0	29.8779E+0
99.7505E+0	325.0033E+0	322.9152E+0	-5.6222E+0	57.4357E+0	29.8805E+0
99.9005E+0	326.0033E+0	323.0697E+0	-5.7835E+0	55.8605E+0	29.8837E+0
100.0505E+0	327.0033E+0	323.2989E+0	-5.8605E+0	55.1660E+0	29.8991E+0
100.2005E+0	328.0033E+0	324.2578E+0	-5.6920E+0	56.9675E+0	29.9306E+0
100.3505E+0	329.0033E+0	325.6886E+0	-5.6628E+0	57.5132E+0	29.9085E+0
100.5005E+0	330.0033E+0	325.5843E+0	-5.6655E+0	57.4680E+0	29.9030E+0
100.6505E+0	331.0033E+0	325.0927E+0	-5.6680E+0	57.3554E+0	29.8742E+0
100.8005E+0	332.0033E+0	324.3514E+0	-5.7724E+0	56.1899E+0	29.8771E+0
100.9505E+0	333.0033E+0	323.1149E+0	-5.6369E+0	57.3216E+0	29.8849E+0
101.1005E+0	334.0033E+0	322.6974E+0	-5.6560E+0	57.0541E+0	29.8732E+0
101.2505E+0	335.0033E+0	321.3399E+0	-5.5997E+0	57.3853E+0	29.8909E+0
101.4005E+0	336.0033E+0	320.2977E+0	-5.5312E+0	57.9073E+0	29.8781E+0
101.5505E+0	337.0033E+0	318.3875E+0	-5.5766E+0	57.0930E+0	29.9260E+0
101.7005E+0	338.0033E+0	319.2528E+0	-5.6286E+0	56.7199E+0	29.9225E+0
101.8505E+0	339.0033E+0	318.4070E+0	-5.7452E+0	55.4211E+0	29.9333E+0
102.0005E+0	340.0033E+0	316.3236E+0	-5.5790E+0	56.6988E+0	29.9165E+0
102.1505E+0	341.0033E+0	314.8348E+0	-5.5900E+0	56.3214E+0	29.9170E+0
102.3005E+0	342.0033E+0	316.8345E+0	-5.6816E+0	55.7653E+0	29.9085E+0
102.4505E+0	343.0033E+0	318.3693E+0	-5.9708E+0	53.3206E+0	29.8947E+0
102.6005E+0	344.0033E+0	318.4153E+0	-5.6993E+0	55.8688E+0	29.9139E+0
102.7505E+0	345.0033E+0	318.3979E+0	-5.7338E+0	55.5296E+0	29.9341E+0
102.9005E+0	346.0033E+0	317.6694E+0	-5.6790E+0	55.9374E+0	29.9548E+0
103.0505E+0	347.0033E+0	317.9708E+0	-5.5403E+0	57.3926E+0	29.9407E+0
103.2005E+0	348.0033E+0	318.3201E+0	-5.5973E+0	56.8704E+0	29.9604E+0
103.3505E+0	349.0033E+0	318.0971E+0	-5.6530E+0	56.2701E+0	29.9457E+0
103.5005E+0	350.0033E+0	316.1100E+0	-5.6186E+0	56.2618E+0	29.9485E+0
103.6505E+0	351.0033E+0	314.5698E+0	-5.6340E+0	55.8346E+0	29.9314E+0
103.8005E+0	352.0033E+0	313.2703E+0	-5.7231E+0	54.7376E+0	29.9530E+0
103.9505E+0	353.0033E+0	311.3636E+0	-5.6250E+0	55.3540E+0	29.9290E+0
104.1005E+0	354.0033E+0	311.3123E+0	-5.7036E+0	54.5820E+0	29.9072E+0
104.2505E+0	355.0033E+0	310.4729E+0	-5.7543E+0	53.9548E+0	29.9008E+0
104.4005E+0	356.0033E+0	309.9932E+0	-5.6664E+0	54.7070E+0	29.8992E+0
104.5505E+0	357.0033E+0	310.0959E+0	-5.7487E+0	53.9416E+0	29.9139E+0
104.7005E+0	358.0033E+0	310.7248E+0	-5.6799E+0	54.7064E+0	29.8923E+0
104.8505E+0	359.0033E+0	310.3327E+0	-5.6262E+0	55.1587E+0	29.8958E+0
105.0005E+0	360.0033E+0	310.8228E+0	-5.7881E+0	53.7004E+0	29.8625E+0
105.1505E+0	361.0033E+0	311.4697E+0	-5.7811E+0	53.8768E+0	29.8976E+0
105.3005E+0	362.0033E+0	311.6557E+0	-5.8003E+0	53.7312E+0	29.9191E+0
105.4505E+0	363.0033E+0	310.3966E+0	-5.5570E+0	55.8568E+0	29.9279E+0
105.6005E+0	364.0033E+0	309.9989E+0	-5.7242E+0	54.1561E+0	29.9283E+0
105.7505E+0	365.0033E+0	309.2185E+0	-5.9557E+0	51.9193E+0	29.9277E+0
105.9005E+0	366.0033E+0	308.4852E+0	-5.6063E+0	55.0246E+0	29.9175E+0
106.0505E+0	367.0033E+0	307.2464E+0	-5.6082E+0	54.7848E+0	29.9415E+0
106.2005E+0	368.0033E+0	306.4608E+0	-5.6535E+0	54.2072E+0	29.9323E+0
106.3505E+0	369.0033E+0	305.1627E+0	-5.6445E+0	54.0640E+0	29.9412E+0
106.5005E+0	370.0033E+0	304.0165E+0	-5.7172E+0	53.1759E+0	29.9457E+0
106.6505E+0	371.0033E+0	304.7849E+0	-5.5804E+0	54.6171E+0	29.9144E+0
106.8005E+0	372.0033E+0	302.6482E+0	-5.5389E+0	54.6409E+0	29.9407E+0
106.9505E+0	373.0033E+0	303.9341E+0	-5.8377E+0	52.0639E+0	29.9493E+0
107.1005E+0	374.0033E+0	305.5484E+0	-5.8089E+0	52.6004E+0	29.9236E+0
107.2505E+0	375.0033E+0	305.1062E+0	-5.6971E+0	53.5544E+0	29.9572E+0
107.4005E+0	376.0033E+0	305.2912E+0	-5.6598E+0	53.9407E+0	29.9497E+0
107.5505E+0	377.0033E+0	305.7521E+0	-5.5263E+0	55.3264E+0	29.9703E+0
107.7005E+0	378.0033E+0	305.7884E+0	-5.6040E+0	54.5657E+0	29.9574E+0
107.8505E+0	379.0033E+0	305.1208E+0	-5.7108E+0	53.4290E+0	29.9330E+0
108.0005E+0	380.0033E+0	304.2805E+0	-5.7725E+0	52.7121E+0	29.9173E+0
108.1505E+0	381.0033E+0	302.1473E+0	-5.5387E+0	54.5524E+0	29.9423E+0
108.3005E+0	382.0033E+0	301.5894E+0	-5.6347E+0	53.5238E+0	29.9500E+0
108.4505E+0	383.0033E+0	302.1572E+0	-5.6729E+0	53.2637E+0	29.9421E+0
108.6005E+0	384.0033E+0	301.1481E+0	-5.6615E+0	53.1927E+0	29.9353E+0
108.7505E+0	385.0033E+0	299.9817E+0	-5.6102E+0	53.4707E+0	29.9354E+0
108.9005E+0	386.0033E+0	299.4127E+0	-5.6153E+0	53.3207E+0	29.9402E+0
109.0505E+0	387.0033E+0	299.3919E+0	-5.6653E+0	52.8468E+0	29.9325E+0
109.2005E+0	388.0033E+0	299.3310E+0	-5.6478E+0	52.9997E+0	29.9494E+0
109.3505E+0	389.0033E+0	298.5645E+0	-5.5223E+0	54.0648E+0	29.9503E+0
109.5005E+0	390.0033E+0	299.9607E+0	-5.7177E+0	52.4616E+0	29.9660E+0
109.6505E+0	391.0033E+0	299.9567E+0	-5.5687E+0	53.8647E+0	29.9736E+0
109.8005E+0	392.0033E+0	300.0802E+0	-5.6233E+0	53.3642E+0	29.9753E+0
109.9505E+0	393.0033E+0	300.9304E+0	-5.8155E+0	51.7466E+0	29.9746E+0
110.1005E+0	394.0033E+0	301.3093E+0	-5.7742E+0	52.1822E+0	29.9420E+0
110.2505E+0	395.0033E+0	299.7223E+0	-5.7392E+0	52.2237E+0	29.9389E+0
110.4005E+0	396.0033E+0	298.8333E+0	-5.7821E+0	51.6829E+0	29.9381E+0
110.5505E+0	397.0033E+0	296.1662E+0	-5.5530E+0	53.3348E+0	29.9442E+0
110.7005E+0	398.0033E+0	295.0237E+0	-5.6145E+0	52.5466E+0	29.9611E+0
110.8505E+0	399.0033E+0	293.8559E+0	-5.6258E+0	52.2333E+0	29.9466E+0
111.0005E+0	400.0033E+0	293.2808E+0	-5.7599E+0	50.9177E+0	29.9278E+0
111.1505E+0	401.0033E+0	292.1099E+0	-5.6558E+0	51.6479E+0	29.9248E+0
111.3005E+0	402.0033E+0	292.2822E+0	-5.7317E+0	50.9942E+0	29.9379E+0
111.4505E+0	403.0033E+0	292.4205E+0	-5.6862E+0	51.4266E+0	29.9429E+0
111.6005E+0	404.0033E+0	292.6659E+0	-5.7280E+0	51.0935E+0	29.9620E+0
111.7505E+0	405.0033E+0	292.9475E+0	-5.7042E+0	51.3561E+0	29.9823E+0
111.9005E+0	406.0033E+0	292.7904E+0	-5.8413E+0	50.1241E+0	29.9858E+0
112.0505E+0	407.0033E+0	293.8924E+0	-5.7971E+0	50.6963E+0	29.9963E+0
112.2005E+0	408.0033E+0	294.4318E+0	-5.6152E+0	52.4346E+0	29.9864E+0
112.3505E+0	409.0033E+0	295.1565E+0	-5.7601E+0	51.2417E+0	29.9910E+0
112.5005E+0	410.0033E+0	293.4413E+0	-5.6771E+0	51.6890E+0	29.9742E+0
112.6505E+0	411.0033E+0	292.2555E+0	-5.5734E+0	52.4379E+0	29.9689E+0
112.8005E+0	412.0033E+0	291.7927E+0	-5.7234E+0	50.9826E+0	29.9708E+0
112.9505E+0	413.0033E+0	291.1061E+0	-5.8508E+0	49.7548E+0	29.9645E+0
113.1005E+0	414.0033E+0	289.5388E+0	-5.8514E+0	49.4822E+0	29.9251E+0
113.2505E+0	415.0033E+0	287.8316E+0	-5.7824E+0	49.7773E+0	29.9492E+0
113.4005E+0	416.0033E+0	286.1694E+0	-5.8642E+0	48.7997E+0	29.9781E+0
113.5505E+0	417.0033E+0	285.7174E+0	-5.6339E+0	50.7144E+0	29.9858E+0
113.7005E+0	418.0033E+0	286.0007E+0	-5.7854E+0	49.4352E+0	29.9934E+0
113.8505E+0	419.0033E+0	286.0294E+0	-5.6942E+0	50.2313E+0	29.9908E+0
114.0005E+0	420.0033E+0	286.5969E+0	-5.7687E+0	49.6815E+0	29.9718E+0
114.1505E+0	421.0033E+0	287.7651E+0	-5.7501E+0	50.0456E+0	29.9738E+0
114.3005E+0	422.0033E+0	287.7993E+0	-5.7597E+0	49.9675E+0	29.9715E+0
114.4505E+0	423.0033E+0	289.9831E+0	-5.6539E+0	51.2892E+0	29.9817E+0
114.6005E+0	424.0033E+0	289.9683E+0	-5.7097E+0	50.7854E+0	29.9912E+0
114.7505E+0	425.0033E+0	288.9471E+0	-5.7905E+0	49.9002E+0	29.9785E+0
114.9005E+0	426.0033E+0	288.6298E+0	-5.7458E+0	50.2335E+0	30.0228E+0
115.0505E+0	427.0033E+0	287.3643E+0	-5.7326E+0	50.1277E+0	30.0200E+0
115.2005E+0	428.0033E+0	285.4440E+0	-5.7703E+0	49.4681E+0	30.0254E+0
115.3505E+0	429.0033E+0	284.4357E+0	-5.6673E+0	50.1893E+0	30.0192E+0
115.5005E+0	430.0033E+0	282.2622E+0	-5.8052E+0	48.6225E+0	30.0094E+0
115.6505E+0	431.0033E+0	281.1098E+0	-5.7994E+0	48.4722E+0	30.0128E+0
115.8005E+0	432.0033E+0	281.6050E+0	-5.8991E+0	47.7366E+0	29.9735E+0
115.9505E+0	433.0033E+0	280.9300E+0	-5.7742E+0	48.6524E+0	29.9513E+0
116.1005E+0	434.0033E+0	281.0847E+0	-5.7498E+0	48.8857E+0	29.9481E+0
116.2505E+0	435.0033E+0	281.4138E+0	-5.7400E+0	49.0267E+0	29.9945E+0
116.4005E+0	436.0033E+0	282.1394E+0	-5.8082E+0	48.5761E+0	29.9885E+0
116.5505E+0	437.0033E+0	283.3364E+0	-5.7614E+0	49.1784E+0	29.9699E+0
116.7005E+0	438.0033E+0	283.4824E+0	-5.7534E+0	49.2724E+0	29.9726E+0
116.8505E+0	439.0033E+0	283.2342E+0	-5.7833E+0	48.9747E+0	30.0048E+0
117.0005E+0	440.0033E+0	282.4750E+0	-5.6520E+0	49.9780E+0	29.9820E+0
117.1505E+0	441.0033E+0	280.9852E+0	-5.5683E+0	50.4617E+0	29.9808E+0
117.3005E+0	442.0033E+0	281.1744E+0	-5.7066E+0	49.2721E+0	29.9929E+0
117.4505E+0	443.0033E+0	279.1795E+0	-5.6994E+0	48.9841E+0	29.9855E+0
117.6005E+0	444.0033E+0	277.8258E+0	-5.5531E+0	50.0307E+0	29.9476E+0
117.7505E+0	445.0033E+0	275.9823E+0	-5.5347E+0	49.8636E+0	29.9433E+0
117.9005E+0	446.0033E+0	275.1350E+0	-5.5922E+0	49.1996E+0	29.9405E+0
118.0505E+0	447.0033E+0	275.4935E+0	-5.5745E+0	49.4202E+0	29.9377E+0
118.2005E+0	448.0033E+0	273.8109E+0	-5.4862E+0	49.9094E+0	29.9562E+0
118.3505E+0	449.0033E+0	273.7480E+0	-5.5747E+0	49.1055E+0	29.9529E+0
118.5005E+0	450.0033E+0	274.0211E+0	-5.7720E+0	47.4741E+0	29.9564E+0
118.6505E+0	451.0033E+0	274.5741E+0	-5.7771E+0	47.5282E+0	29.9448E+0
118.8005E+0	452.0033E+0	274.0618E+0	-5.6405E+0	48.5886E+0	29.9839E+0
118.9505E+0	453.0033E+0	275.1885E+0	-5.6975E+0	48.2995E+0	29.9970E+0
119.1005E+0	454.0033E+0	276.1435E+0	-5.6599E+0	48.7891E+0	29.9600E+0
119.2505E+0	455.0033E+0	276.3323E+0	-5.6462E+0	48.9417E+0	29.9304E+0
119.4005E+0	456.0033E+0	276.1640E+0	-5.6707E+0	48.6998E+0	29.9556E+0
119.5505E+0	457.0033E+0	275.1004E+0	-5.5699E+0	49.3908E+0	29.9765E+0
119.7005E+0	458.0033E+0	275.2711E+0	-5.6223E+0	48.9607E+0	30.0057E+0
119.8505E+0	459.0033E+0	274.8826E+0	-5.8081E+0	47.3274E+0	29.9994E+0
120.0005E+0	460.0033E+0	272.9157E+0	-5.7569E+0	47.4063E+0	30.0077E+0
120.1505E+0	461.0033E+0	270.7604E+0	-5.7229E+0	47.3117E+0	30.0180E+0
120.3005E+0	462.0033E+0	270.0171E+0	-5.5859E+0	48.3390E+0	29.9887E+0
120.4505E+0	463.0033E+0	269.8093E+0	-5.6962E+0	47.3669E+0	30.0231E+0
120.6005E+0	464.0033E+0	270.3175E+0	-5.7676E+0	46.8681E+0	30.0161E+0
120.7505E+0	465.0033E+0	269.5729E+0	-5.7067E+0	47.2378E+0	30.0326E+0
120.9005E+0	466.0033E+0	269.7018E+0	-5.6079E+0	48.0935E+0	30.0366E+0
121.0505E+0	467.0033E+0	270.0999E+0	-5.6239E+0	48.0269E+0	30.0396E+0
121.2005E+0	468.0033E+0	270.6583E+0	-5.7254E+0	47.2734E+0	30.0097E+0
121.3505E+0	469.0033E+0	270.8893E+0	-5.6531E+0	47.9191E+0	30.0219E+0
121.5005E+0	470.0033E+0	270.5049E+0	-5.6208E+0	48.1256E+0	29.9979E+0
121.6505E+0	471.0033E+0	270.3847E+0	-5.7175E+0	47.2905E+0	29.9857E+0
121.8005E+0	472.0033E+0	270.2440E+0	-5.6154E+0	48.1256E+0	30.0224E+0
121.9505E+0	473.0033E+0	269.5441E+0	-5.7200E+0	47.1232E+0	29.9948E+0
122.1005E+0	474.0033E+0	268.5379E+0	-5.7113E+0	47.0185E+0	29.9893E+0
122.2505E+0	475.0033E+0	265.7824E+0	-5.6033E+0	47.4333E+0	30.0074E+0
122.4005E+0	476.0033E+0	264.7257E+0	-5.5139E+0	48.0107E+0	29.9990E+0
122.5505E+0	477.0033E+0	265.9448E+0	-5.6193E+0	47.3268E+0	29.9846E+0
122.7005E+0	478.0033E+0	265.0724E+0	-5.5430E+0	47.8208E+0	29.9804E+0
122.8505E+0	479.0033E+0	264.4257E+0	-5.6344E+0	46.9308E+0	29.9879E+0
123.0005E+0	480.0033E+0	263.8911E+0	-5.7350E+0	46.0138E+0	29.9998E+0
123.1505E+0	481.0033E+0	263.0363E+0	-5.4956E+0	47.8633E+0	30.0043E+0
123.3005E+0	482.0033E+0	263.5516E+0	-5.5725E+0	47.2951E+0	29.9866E+0
123.4505E+0	483.0033E+0	263.3068E+0	-5.6851E+0	46.3155E+0	29.9897E+0
123.6005E+0	484.0033E+0	264.1880E+0	-5.6884E+0	46.4434E+0	30.0083E+0
123.7505E+0	485.0033E+0	264.6202E+0	-5.4917E+0	48.1852E+0	30.0042E+0
123.9005E+0	486.0033E+0	265.2349E+0	-5.4492E+0	48.6740E+0	29.9930E+0
124.0505E+0	487.0033E+0	266.3017E+0	-5.5445E+0	48.0295E+0	30.0012E+0
124.2005E+0	488.0033E+0	263.8403E+0	-5.6004E+0	47.1113E+0	29.9981E+0
124.3505E+0	489.0033E+0	263.2533E+0	-5.5728E+0	47.2388E+0	29.9859E+0
124.5005E+0	490.0033E+0	262.6961E+0	-5.5449E+0	47.3760E+0	30.0026E+0
124.6505E+0	491.0033E+0	261.3134E+0	-5.5988E+0	46.6729E+0	30.0215E+0
124.8005E+0	492.0033E+0	259.0204E+0	-5.5903E+0	46.3337E+0	30.0216E+0
124.9505E+0	493.0033E+0	258.4503E+0	-5.6989E+0	45.3511E+0	30.0274E+0
125.1010E+0	494.0067E+0	258.6889E+0	-5.7671E+0	44.8562E+0	30.0040E+0
125.2510E+0	495.0067E+0	258.3237E+0	-5.5264E+0	46.7433E+0	30.0042E+0
125.4010E+0	496.0067E+0	258.6766E+0	-5.7537E+0	44.9582E+0	30.0000E+0
125.5510E+0	497.0067E+0	258.2636E+0	-5.6816E+0	45.4559E+0	29.9792E+0
125.7010E+0	498.0067E+0	258.6818E+0	-5.7404E+0	45.0632E+0	29.9724E+0
125.8510E+0	499.0067E+0	259.1054E+0	-5.7190E+0	45.3064E+0	29.9715E+0
126.0010E+0	500.0067E+0	259.9804E+0	-5.7591E+0	45.1429E+0	29.9623E+0
126.1510E+0	501.0067E+0	260.2331E+0	-5.6948E+0	45.6963E+0	30.0000E+0
126.3010E+0	502.0067E+0	260.4605E+0	-5.7274E+0	45.4758E+0	30.0064E+0
126.4510E+0	503.0067E+0	259.6409E+0	-5.6752E+0	45.7502E+0	29.9872E+0
126.6010E+0	504.0067E+0	258.8717E+0	-5.6336E+0	45.9510E+0	29.9765E+0
126.7510E+0	505.0067E+0	257.7080E+0	-5.7561E+0	44.7710E+0	29.9961E+0
126.9010E+0	506.0067E+0	256.6770E+0	-5.7293E+0	44.8011E+0	30.0194E+0
127.0510E+0	507.0067E+0	255.2430E+0	-5.6626E+0	45.0750E+0	30.0102E+0
127.2010E+0	508.0067E+0	253.3811E+0	-5.5393E+0	45.7421E+0	30.0142E+0
127.3510E+0	509.0067E+0	253.4021E+0	-5.6700E+0	44.6919E+0	30.0012E+0
127.5010E+0	510.0067E+0	252.8435E+0	-5.5770E+0	45.3369E+0	29.9699E+0
127.6510E+0	511.0067E+0	252.6739E+0	-5.6306E+0	44.8752E+0	29.9594E+0
127.8010E+0	512.0067E+0	251.9697E+0	-5.5291E+0	45.5713E+0	29.9693E+0
127.9510E+0	513.0067E+0	252.5408E+0	-5.5741E+0	45.3062E+0	29.9848E+0
128.1010E+0	514.0067E+0	252.4278E+0	-5.5532E+0	45.4564E+0	30.0124E+0
128.2510E+0	515.0067E+0	252.6392E+0	-5.5514E+0	45.5095E+0	30.0146E+0
128.4010E+0	516.0067E+0	253.7930E+0	-5.6081E+0	45.2548E+0	29.9753E+0
128.5510E+0	517.0067E+0	253.9484E+0	-5.6262E+0	45.1371E+0	29.9649E+0
128.7010E+0	518.0067E+0	253.6020E+0	-5.6102E+0	45.2036E+0	29.9615E+0
128.8510E+0	519.0067E+0	253.9985E+0	-5.5968E+0	45.3828E+0	29.9792E+0
129.0010E+0	520.0067E+0	253.9174E+0	-5.5451E+0	45.7911E+0	29.9550E+0
129.1510E+0	521.0067E+0	253.2927E+0	-5.6152E+0	45.1085E+0	29.9793E+0
129.3010E+0	522.0067E+0	251.6341E+0	-5.4825E+0	45.8977E+0	29.9931E+0
129.4510E+0	523.0067E+0	251.0034E+0	-5.5160E+0	45.5047E+0	29.9753E+0
129.6010E+0	524.0067E+0	249.4300E+0	-5.4491E+0	45.7745E+0	29.9839E+0
129.7510E+0	525.0067E+0	249.3515E+0	-5.5795E+0	44.6907E+0	30.0040E+0
129.9010E+0	526.0067E+0	248.3741E+0	-5.6243E+0	44.1611E+0	30.0170E+0
130.0510E+0	527.0067E+0	248.7631E+0	-5.6736E+0	43.8454E+0	30.0007E+0
130.2010E+0	528.0067E+0	248.7112E+0	-5.5577E+0	44.7510E+0	30.0110E+0
130.3510E+0	529.0067E+0	248.8642E+0	-5.6695E+0	43.8950E+0	30.0096E+0
130.5010E+0	530.0067E+0	249.3675E+0	-5.7016E+0	43.7363E+0	29.9891E+0
130.6510E+0	531.0067E+0	249.7984E+0	-5.6082E+0	44.5418E+0	29.9996E+0
130.8010E+0	532.0067E+0	250.8593E+0	-5.7547E+0	43.5922E+0	30.0019E+0
130.9510E+0	533.0067E+0	250.7644E+0	-5.6863E+0	44.0995E+0	30.0163E+0
131.1010E+0	534.0067E+0	249.5812E+0	-5.6462E+0	44.2034E+0	30.0222E+0
131.2510E+0	535.0067E+0	249.0815E+0	-5.6107E+0	44.3943E+0	30.0276E+0
131.4010E+0	536.0067E+0	247.9220E+0	-5.5364E+0	44.7804E+0	30.0226E+0
131.5510E+0	537.0067E+0	246.3386E+0	-5.6490E+0	43.6074E+0	29.9807E+0
131.7010E+0	538.0067E+0	245.5678E+0	-5.5187E+0	44.4976E+0	29.9614E+0
131.8510E+0	539.0067E+0	244.8473E+0	-5.5246E+0	44.3198E+0	29.9310E+0
132.0010E+0	540.0067E+0	243.2224E+0	-5.5707E+0	43.6607E+0	29.9427E+0
132.1510E+0	541.0067E+0	242.5665E+0	-5.6224E+0	43.1429E+0	29.9464E+0
132.3010E+0	542.0067E+0	242.8538E+0	-5.5889E+0	43.4526E+0	29.9343E+0
132.4510E+0	543.0067E+0	243.8360E+0	-5.7066E+0	42.7289E+0	29.9653E+0
132.6010E+0	544.0067E+0	243.7734E+0	-5.6615E+0	43.0579E+0	29.9779E+0
132.7510E+0	545.0067E+0	243.9476E+0	-5.6146E+0	43.4486E+0	29.9560E+0
132.9010E+0	546.0067E+0	243.9087E+0	-5.5373E+0	44.0479E+0	29.9677E+0
133.0510E+0	547.0067E+0	244.6736E+0	-5.6961E+0	42.9544E+0	29.9594E+0
133.2010E+0	548.0067E+0	244.9856E+0	-5.7349E+0	42.7180E+0	29.9709E+0
133.3510E+0	549.0067E+0	244.6259E+0	-5.7353E+0	42.6530E+0	29.9634E+0
133.5010E+0	550.0067E+0	244.8537E+0	-5.7669E+0	42.4584E+0	29.9639E+0
133.6510E+0	551.0067E+0	243.7013E+0	-5.7076E+0	42.6975E+0	29.9592E+0
133.8010E+0	552.0067E+0	242.9019E+0	-5.6836E+0	42.7370E+0	29.9626E+0
133.9510E+0	553.0067E+0	240.9543E+0	-5.5662E+0	43.2887E+0	29.9741E+0
134.1010E+0	554.0067E+0	240.5128E+0	-5.5651E+0	43.2177E+0	29.9625E+0
134.2510E+0	555.0067E+0	238.7551E+0	-5.6968E+0	41.9102E+0	29.9539E+0
134.4010E+0	556.0067E+0	238.6590E+0	-5.6605E+0	42.1623E+0	29.9464E+0
134.5510E+0	557.0067E+0	238.4710E+0	-5.6907E+0	41.9057E+0	29.9518E+0
134.7010E+0	558.0067E+0	238.0862E+0	-5.7105E+0	41.6928E+0	29.9518E+0
134.8510E+0	559.0067E+0	237.8515E+0	-5.7799E+0	41.1518E+0	29.9569E+0
135.0010E+0	560.0067E+0	238.1688E+0	-5.7103E+0	41.7089E+0	29.9454E+0
135.1510E+0	561.0067E+0	238.7835E+0	-5.6901E+0	41.9644E+0	29.9416E+0
135.3010E+0	562.0067E+0	239.9371E+0	-5.6834E+0	42.2175E+0	29.9453E+0
135.4510E+0	563.0067E+0	240.0184E+0	-5.7997E+0	41.3849E+0	29.9712E+0
135.6010E+0	564.0067E+0	240.0176E+0	-5.6762E+0	42.2850E+0	29.9600E+0
135.7510E+0	565.0067E+0	238.7551E+0	-5.6757E+0	42.0665E+0	29.9223E+0
135.9010E+0	566.0067E+0	237.2844E+0	-5.5916E+0	42.4356E+0	29.9215E+0
136.0510E+0	567.0067E+0	236.9186E+0	-5.5868E+0	42.4065E+0	29.9233E+0
136.2010E+0	568.0067E+0	235.5269E+0	-5.5902E+0	42.1323E+0	29.9384E+0
136.3510E+0	569.0067E+0	234.5748E+0	-5.5832E+0	42.0141E+0	29.9424E+0
136.5010E+0	570.0067E+0	233.5401E+0	-5.6674E+0	41.2076E+0	29.9466E+0
136.6510E+0	571.0067E+0	232.2444E+0	-5.6003E+0	41.4703E+0	29.9721E+0
136.8010E+0	572.0067E+0	232.3545E+0	-5.5932E+0	41.5423E+0	29.9632E+0
136.9510E+0	573.0067E+0	232.9099E+0	-5.6531E+0	41.2003E+0	29.9653E+0
137.1010E+0	574.0067E+0	233.1195E+0	-5.6159E+0	41.5106E+0	29.9617E+0
137.2510E+0	575.0067E+0	233.2322E+0	-5.6894E+0	40.9943E+0	29.9539E+0
137.4010E+0	576.0067E+0	233.9310E+0	-5.6293E+0	41.5560E+0	29.9459E+0
137.5510E+0	577.0067E+0	234.3404E+0	-5.7173E+0	40.9883E+0	29.9370E+0
137.7010E+0	578.0067E+0	234.0313E+0	-5.6865E+0	41.1554E+0	29.9319E+0
137.8510E+0	579.0067E+0	234.3948E+0	-5.6855E+0	41.2270E+0	29.9198E+0
138.0010E+0	580.0067E+0	234.2107E+0	-5.5861E+0	41.9278E+0	29.9368E+0
138.1510E+0	581.0067E+0	233.8620E+0	-5.7370E+0	40.7641E+0	29.9167E+0
138.3010E+0	582.0067E+0	234.2628E+0	-5.6558E+0	41.4201E+0	29.9202E+0
138.4510E+0	583.0067E+0	232.9645E+0	-5.5613E+0	41.8902E+0	29.9449E+0
138.6010E+0	584.0067E+0	231.3321E+0	-5.5551E+0	41.6430E+0	29.9596E+0
138.7510E+0	585.0067E+0	229.3168E+0	-5.5926E+0	41.0034E+0	29.9484E+0
138.9010E+0	586.0067E+0	228.8747E+0	-5.5809E+0	41.0105E+0	29.9359E+0
139.0510E+0	587.0067E+0	228.4186E+0	-5.6112E+0	40.7076E+0	29.9268E+0
139.2010E+0	588.0067E+0	228.5093E+0	-5.6647E+0	40.3392E+0	29.9522E+0
139.3510E+0	589.0067E+0	227.7942E+0	-5.6482E+0	40.3301E+0	29.9488E+0
139.5010E+0	590.0067E+0	228.4098E+0	-5.6152E+0	40.6772E+0	29.9428E+0
139.6510E+0	591.0067E+0	229.1924E+0	-5.6981E+0	40.2227E+0	29.9236E+0
139.8010E+0	592.0067E+0	229.8942E+0	-5.7382E+0	40.0636E+0	29.9164E+0
139.9510E+0	593.0067E+0	230.4978E+0	-5.7434E+0	40.1323E+0	29.9268E+0
140.1010E+0	594.0067E+0	231.1012E+0	-5.6282E+0	41.0616E+0	29.9212E+0
140.2510E+0	595.0067E+0	231.1291E+0	-5.6929E+0	40.5994E+0	29.9220E+0
140.4010E+0	596.0067E+0	230.5067E+0	-5.7537E+0	40.0621E+0	29.9100E+0
140.5510E+0	597.0067E+0	229.6678E+0	-5.7360E+0	40.0399E+0	29.9191E+0
140.7010E+0	598.0067E+0	227.8014E+0	-5.6665E+0	40.2015E+0	29.8995E+0
140.8510E+0	599.0067E+0	227.3587E+0	-5.6125E+0	40.5095E+0	29.9101E+0
141.0010E+0	600.0067E+0	226.2779E+0	-5.6595E+0	39.9820E+0	29.9113E+0
141.1510E+0	601.0067E+0	225.8096E+0	-5.5901E+0	40.3946E+0	29.8829E+0
141.3010E+0	602.0067E+0	225.0954E+0	-5.7005E+0	39.4869E+0	29.9274E+0
141.4510E+0	603.0067E+0	224.3465E+0	-5.5883E+0	40.1458E+0	29.9276E+0
141.6010E+0	604.0067E+0	224.8107E+0	-5.6094E+0	40.0778E+0	29.8932E+0
141.7510E+0	605.0067E+0	224.7744E+0	-5.7069E+0	39.3865E+0	29.8989E+0
141.9010E+0	606.0067E+0	225.0723E+0	-5.6784E+0	39.6368E+0	29.9050E+0
142.0510E+0	607.0067E+0	225.3957E+0	-5.7146E+0	39.4423E+0	29.9206E+0
142.2010E+0	608.0067E+0	225.3859E+0	-5.6947E+0	39.5784E+0	29.9317E+0
142.3510E+0	609.0067E+0	226.1083E+0	-5.6664E+0	39.9033E+0	29.9291E+0
142.5010E+0	610.0067E+0	226.3068E+0	-5.7256E+0	39.5257E+0	29.9161E+0
142.6510E+0	611.0067E+0	226.1953E+0	-5.7542E+0	39.3094E+0	29.9284E+0
142.8010E+0	612.0067E+0	226.2129E+0	-5.7735E+0	39.1810E+0	29.9479E+0
142.9510E+0	613.0067E+0	225.7572E+0	-5.6303E+0	40.0966E+0	29.9776E+0
143.1010E+0	614.0067E+0	224.5184E+0	-5.7417E+0	39.1030E+0	29.9746E+0
143.2510E+0	615.0067E+0	223.2066E+0	-5.7316E+0	38.9430E+0	29.9727E+0
143.4010E+0	616.0067E+0	223.5010E+0	-5.6138E+0	39.8127E+0	29.9457E+0
143.5510E+0	617.0067E+0	223.0789E+0	-5.6502E+0	39.4814E+0	29.9715E+0
143.7010E+0	618.0067E+0	221.8044E+0	-5.6466E+0	39.2813E+0	29.9760E+0
143.8510E+0	619.0067E+0	221.3774E+0	-5.6111E+0	39.4533E+0	29.9852E+0
144.0010E+0	620.0067E+0	221.4625E+0	-5.6733E+0	39.0363E+0	29.9855E+0
144.1510E+0	621.0067E+0	221.0409E+0	-5.7282E+0	38.5880E+0	29.9848E+0
144.3010E+0	622.0067E+0	221.4066E+0	-5.6485E+0	39.1974E+0	29.9559E+0
144.4510E+0	623.0067E+0	222.0042E+0	-5.7915E+0	38.3330E+0	29.9535E+0
144.6010E+0	624.0067E+0	222.1974E+0	-5.5945E+0	39.7169E+0	29.9496E+0
144.7510E+0	625.0067E+0	220.4656E+0	-5.5875E+0	39.4572E+0	29.9824E+0
144.9010E+0	626.0067E+0	221.7659E+0	-5.6734E+0	39.0887E+0	29.9806E+0
145.0510E+0	627.0067E+0	222.7994E+0	-5.6500E+0	39.4333E+0	29.9387E+0
145.2010E+0	628.0067E+0	222.1465E+0	-5.6260E+0	39.4857E+0	29.9528E+0
145.3510E+0	629.0067E+0	221.4604E+0	-5.5696E+0	39.7620E+0	29.9363E+0
145.5010E+0	630.0067E+0	219.4722E+0	-5.6585E+0	38.7863E+0	29.9647E+0
145.6510E+0	631.0067E+0	218.9622E+0	-5.6185E+0	38.9717E+0	29.9343E+0
145.8010E+0	632.0067E+0	217.1180E+0	-5.5906E+0	38.8364E+0	29.9584E+0
145.9510E+0	633.0067E+0	216.5229E+0	-5.5800E+0	38.8032E+0	29.9327E+0
146.1010E+0	634.0067E+0	215.9802E+0	-5.6247E+0	38.3985E+0	29.9105E+0
146.2510E+0	635.0067E+0	215.5606E+0	-5.5835E+0	38.6067E+0	29.9527E+0
146.4010E+0	636.0067E+0	216.2380E+0	-5.6257E+0	38.4372E+0	29.9782E+0
146.5510E+0	637.0067E+0	217.2217E+0	-5.6839E+0	38.2167E+0	29.9968E+0
146.7010E+0	638.0067E+0	217.4261E+0	-5.6668E+0	38.3682E+0	29.9921E+0
146.8510E+0	639.0067E+0	217.3789E+0	-5.6763E+0	38.2961E+0	29.9671E+0
147.0010E+0	640.0067E+0	217.5742E+0	-5.6172E+0	38.7334E+0	29.9901E+0
147.1510E+0	641.0067E+0	218.3252E+0	-5.6760E+0	38.4648E+0	29.9889E+0
147.3010E+0	642.0067E+0	218.3391E+0	-5.5943E+0	39.0289E+0	29.9628E+0
147.4510E+0	643.0067E+0	217.9054E+0	-5.8550E+0	37.2167E+0	29.9626E+0
147.6010E+0	644.0067E+0	217.5386E+0	-5.7090E+0	38.1047E+0	29.9758E+0
147.7510E+0	645.0067E+0	216.6247E+0	-5.5917E+0	38.7407E+0	29.9471E+0
147.9010E+0	646.0067E+0	215.1163E+0	-5.5251E+0	38.9342E+0	29.9877E+0
148.0510E+0	647.0067E+0	214.8784E+0	-5.6245E+0	38.2042E+0	29.9790E+0
148.2010E+0	648.0067E+0	214.4570E+0	-5.7766E+0	37.1254E+0	29.9704E+0
148.3510E+0	649.0067E+0	213.3791E+0	-5.6402E+0	37.8316E+0	29.9672E+0
148.5010E+0	650.0067E+0	212.7721E+0	-5.6231E+0	37.8387E+0	29.9554E+0
148.6510E+0	651.0067E+0	212.6194E+0	-5.7085E+0	37.2464E+0	29.9479E+0
148.8010E+0	652.0067E+0	212.6037E+0	-5.5045E+0	38.6239E+0	29.9517E+0
148.9510E+0	653.0067E+0	212.4764E+0	-5.6676E+0	37.4894E+0	29.9922E+0
149.1010E+0	654.0067E+0	213.4895E+0	-5.6591E+0	37.7249E+0	30.0108E+0
149.2510E+0	655.0067E+0	213.6442E+0	-5.6904E+0	37.5448E+0	29.9843E+0
149.4010E+0	656.0067E+0	213.4836E+0	-5.5847E+0	38.2267E+0	29.9905E+0
149.5510E+0	657.0067E+0	213.5759E+0	-5.5713E+0	38.3351E+0	29.9964E+0
149.7010E+0	658.0067E+0	214.0456E+0	-5.5694E+0	38.4321E+0	29.9918E+0
149.8510E+0	659.0067E+0	213.4929E+0	-5.7199E+0	37.3243E+0	29.9995E+0
150.0010E+0	660.0067E+0	212.5718E+0	-5.6720E+0	37.4775E+0	30.0045E+0
150.1510E+0	661.0067E+0	211.1591E+0	-5.4959E+0	38.4212E+0	30.0002E+0
150.3010E+0	662.0067E+0	210.4336E+0	-5.7739E+0	36.4457E+0	30.0185E+0
150.4510E+0	663.0067E+0	209.5584E+0	-5.6846E+0	36.8643E+0	30.0267E+0
150.6010E+0	664.0067E+0	208.9396E+0	-5.6885E+0	36.7303E+0	30.0342E+0
150.7510E+0	665.0067E+0	209.0215E+0	-5.7329E+0	36.4598E+0	30.0425E+0
150.9010E+0	666.0067E+0	208.4328E+0	-5.6040E+0	37.1933E+0	30.0588E+0
151.0510E+0	667.0067E+0	208.8849E+0	-5.6402E+0	37.0350E+0	30.0506E+0
151.2010E+0	668.0067E+0	209.3116E+0	-5.6382E+0	37.1241E+0	30.0297E+0
151.3510E+0	669.0067E+0	209.8161E+0	-5.7630E+0	36.4076E+0	30.0071E+0
151.5010E+0	670.0067E+0	210.4296E+0	-5.6375E+0	37.3270E+0	30.0083E+0
151.6510E+0	671.0067E+0	210.1214E+0	-5.7893E+0	36.2946E+0	30.0048E+0
151.8010E+0	672.0067E+0	210.3076E+0	-5.7200E+0	36.7670E+0	29.9955E+0
151.9510E+0	673.0067E+0	209.9540E+0	-5.7350E+0	36.6094E+0	29.9947E+0
152.1010E+0	674.0067E+0	209.3453E+0	-5.6929E+0	36.7730E+0	30.0069E+0
152.2510E+0	675.0067E+0	208.7363E+0	-5.6347E+0	37.0449E+0	30.0091E+0
152.4010E+0	676.0067E+0	208.6023E+0	-5.6476E+0	36.9366E+0	30.0025E+0
152.5510E+0	677.0067E+0	206.9178E+0	-5.6531E+0	36.6025E+0	30.0168E+0
152.7010E+0	678.0067E+0	206.4765E+0	-5.5166E+0	37.4283E+0	30.0318E+0
152.8510E+0	679.0067E+0	205.9988E+0	-5.5729E+0	36.9647E+0	30.0281E+0
153.0010E+0	680.0067E+0	205.0770E+0	-5.6501E+0	36.2959E+0	30.0412E+0
153.1510E+0	681.0067E+0	204.2876E+0	-5.5954E+0	36.5098E+0	30.0504E+0
153.3010E+0	682.0067E+0	204.2285E+0	-5.6617E+0	36.0719E+0	30.0201E+0
153.4510E+0	683.0067E+0	204.9017E+0	-5.7792E+0	35.4552E+0	30.0143E+0
153.6010E+0	684.0067E+0	205.5703E+0	-5.8224E+0	35.3066E+0	29.9867E+0
153.7510E+0	685.0067E+0	205.7256E+0	-5.7626E+0	35.7004E+0	29.9895E+0
153.9010E+0	686.0067E+0	205.9500E+0	-5.8015E+0	35.4995E+0	29.9732E+0
154.0510E+0	687.0067E+0	206.3131E+0	-5.9115E+0	34.9003E+0	29.9943E+0
154.2010E+0	688.0067E+0	206.6108E+0	-5.8974E+0	35.0345E+0	30.0213E+0
154.3510E+0	689.0067E+0	206.2476E+0	-5.7547E+0	35.8399E+0	30.0398E+0
154.5010E+0	690.0067E+0	204.9805E+0	-5.6247E+0	36.4430E+0	30.0420E+0
154.6510E+0	691.0067E+0	204.4823E+0	-5.6348E+0	36.2892E+0	30.0332E+0
154.8010E+0	692.0067E+0	203.1237E+0	-5.5263E+0	36.7560E+0	30.0390E+0
154.9510E+0	693.0067E+0	202.3162E+0	-5.6374E+0	35.8883E+0	30.0437E+0
155.1010E+0	694.0067E+0	201.5922E+0	-5.7853E+0	34.8456E+0	30.0245E+0
155.2510E+0	695.0067E+0	200.7276E+0	-5.6914E+0	35.2687E+0	30.0390E+0
155.4010E+0	696.0067E+0	200.6278E+0	-5.6749E+0	35.3538E+0	30.0383E+0
155.5510E+0	697.0067E+0	200.8859E+0	-5.7221E+0	35.1071E+0	30.0369E+0
155.7010E+0	698.0067E+0	200.5924E+0	-5.6947E+0	35.2243E+0	30.0366E+0
155.8510E+0	699.0067E+0	200.6334E+0	-5.6271E+0	35.6548E+0	30.0051E+0
156.0010E+0	700.0067E+0	201.4137E+0	-5.6611E+0	35.5783E+0	30.0004E+0
156.1510E+0	701.0067E+0	202.0341E+0	-5.6738E+0	35.6083E+0	30.0072E+0
156.3010E+0	702.0067E+0	201.7832E+0	-5.6636E+0	35.6280E+0	29.9924E+0
156.4510E+0	703.0067E+0	201.3083E+0	-5.4732E+0	36.7806E+0	29.9843E+0
156.6010E+0	704.0067E+0	201.1999E+0	-5.5521E+0	36.2387E+0	29.9873E+0
156.7510E+0	705.0067E+0	200.6678E+0	-5.6823E+0	35.3143E+0	29.9972E+0
156.9010E+0	706.0067E+0	200.3561E+0	-5.5949E+0	35.8107E+0	30.0076E+0
157.0510E+0	707.0067E+0	199.3817E+0	-5.6065E+0	35.5629E+0	29.9839E+0
157.2010E+0	708.0067E+0	198.7132E+0	-5.5961E+0	35.5095E+0	29.9839E+0
157.3510E+0	709.0067E+0	197.6666E+0	-5.6479E+0	34.9981E+0	29.9616E+0
157.5010E+0	710.0067E+0	197.1250E+0	-5.5788E+0	35.3344E+0	29.9734E+0
157.6510E+0	711.0067E+0	196.7753E+0	-5.5455E+0	35.4838E+0	29.9987E+0
157.8010E+0	712.0067E+0	196.7713E+0	-5.7499E+0	34.2216E+0	29.9912E+0
157.9510E+0	713.0067E+0	197.8323E+0	-5.7085E+0	34.6560E+0	29.9693E+0
158.1010E+0	714.0067E+0	197.7849E+0	-5.7475E+0	34.4121E+0	29.9962E+0
158.2510E+0	715.0067E+0	197.9987E+0	-5.6244E+0	35.2035E+0	29.9875E+0
158.4010E+0	716.0067E+0	198.7030E+0	-5.7016E+0	34.8507E+0	29.9818E+0
158.5510E+0	717.0067E+0	199.4840E+0	-5.7254E+0	34.8418E+0	29.9872E+0
158.7010E+0	718.0067E+0	199.3216E+0	-5.7371E+0	34.7425E+0	30.0004E+0
158.8510E+0	719.0067E+0	199.3699E+0	-5.8049E+0	34.3454E+0	30.0144E+0
159.0010E+0	720.0067E+0	198.9895E+0	-5.6273E+0	35.3615E+0	30.0291E+0
159.1510E+0	721.0067E+0	198.0329E+0	-5.5557E+0	35.6451E+0	30.0276E+0
159.3010E+0	722.0067E+0	197.5174E+0	-5.5265E+0	35.7403E+0	30.0351E+0
159.4510E+0	723.0067E+0	196.3800E+0	-5.5076E+0	35.6563E+0	30.0439E+0
159.6010E+0	724.0067E+0	195.7651E+0	-5.5628E+0	35.1916E+0	30.0383E+0
159.7510E+0	725.0067E+0	194.9202E+0	-5.6570E+0	34.4566E+0	30.0339E+0
159.9010E+0	726.0067E+0	194.5162E+0	-5.6583E+0	34.3773E+0	30.0008E+0
160.0510E+0	727.0067E+0	193.5385E+0	-5.8170E+0	33.2712E+0	30.0080E+0
160.2010E+0	728.0067E+0	192.7970E+0	-5.7627E+0	33.4561E+0	30.0187E+0
160.3510E+0	729.0067E+0	193.3973E+0	-5.6403E+0	34.2885E+0	30.0144E+0
160.5010E+0	730.0067E+0	193.6815E+0	-5.6504E+0	34.2777E+0	30.0299E+0
160.6510E+0	731.0067E+0	194.0219E+0	-5.7324E+0	33.8464E+0	30.0448E+0
160.8010E+0	732.0067E+0	194.6020E+0	-5.5731E+0	34.9180E+0	30.0474E+0
160.9510E+0	733.0067E+0	195.0399E+0	-5.6786E+0	34.3467E+0	30.0317E+0
161.1010E+0	734.0067E+0	195.2061E+0	-5.6708E+0	34.4228E+0	30.0215E+0
161.2510E+0	735.0067E+0	194.7654E+0	-5.6828E+0	34.2727E+0	30.0175E+0
161.4010E+0	736.0067E+0	194.6854E+0	-5.6950E+0	34.1856E+0	30.0135E+0
161.5510E+0	737.0067E+0	193.4207E+0	-5.7089E+0	33.8804E+0	30.0345E+0
161.7010E+0	738.0067E+0	193.1964E+0	-5.7561E+0	33.5638E+0	30.0237E+0
161.8510E+0	739.0067E+0	192.2911E+0	-5.6962E+0	33.7577E+0	30.0105E+0
162.0010E+0	740.0067E+0	191.1087E+0	-5.7261E+0	33.3750E+0	30.0110E+0
162.1510E+0	741.0067E+0	190.0350E+0	-5.7488E+0	33.0566E+0	30.0178E+0
162.3010E+0	742.0067E+0	189.3566E+0	-5.6581E+0	33.4664E+0	30.0086E+0
162.4510E+0	743.0067E+0	189.2065E+0	-5.5430E+0	34.1346E+0	29.9987E+0
162.6010E+0	744.0067E+0	188.8982E+0	-5.5637E+0	33.9522E+0	30.0099E+0
162.7510E+0	745.0067E+0	189.3017E+0	-5.6701E+0	33.3858E+0	29.9844E+0
162.9010E+0	746.0067E+0	190.3091E+0	-5.7506E+0	33.0937E+0	29.9802E+0
163.0510E+0	747.0067E+0	191.1996E+0	-5.7213E+0	33.4189E+0	30.0205E+0
163.2010E+0	748.0067E+0	191.0214E+0	-5.5851E+0	34.2021E+0	30.0320E+0
163.3510E+0	749.0067E+0	191.0605E+0	-5.7711E+0	33.1064E+0	30.0259E+0
163.5010E+0	750.0067E+0	190.7568E+0	-5.6875E+0	33.5395E+0	30.0333E+0
163.6510E+0	751.0067E+0	190.6510E+0	-5.7077E+0	33.4025E+0	30.0064E+0
163.8010E+0	752.0067E+0	190.0400E+0	-5.5658E+0	34.1442E+0	30.0390E+0
163.9510E+0	753.0067E+0	188.6587E+0	-5.6595E+0	33.3350E+0	30.0576E+0
164.1010E+0	754.0067E+0	187.9960E+0	-5.5857E+0	33.6564E+0	30.0269E+0
164.2510E+0	755.0067E+0	187.6576E+0	-5.4667E+0	34.3273E+0	30.0212E+0
164.4010E+0	756.0067E+0	187.2571E+0	-5.6151E+0	33.3489E+0	30.0182E+0
164.5510E+0	757.0067E+0	186.8163E+0	-5.7638E+0	32.4122E+0	30.0072E+0
164.7010E+0	758.0067E+0	185.7888E+0	-5.5970E+0	33.1943E+0	30.0165E+0
164.8510E+0	759.0067E+0	185.7379E+0	-5.6778E+0	32.7130E+0	30.0261E+0
165.0010E+0	760.0067E+0	186.0702E+0	-5.7382E+0	32.4266E+0	30.0583E+0
165.1510E+0	761.0067E+0	186.3733E+0	-5.7793E+0	32.2485E+0	30.0410E+0
165.3010E+0	762.0067E+0	187.2856E+0	-5.7119E+0	32.7884E+0	30.0588E+0
165.4510E+0	763.0067E+0	187.9658E+0	-5.6785E+0	33.1011E+0	30.0561E+0
165.6010E+0	764.0067E+0	187.3928E+0	-5.8379E+0	32.0993E+0	30.0682E+0
165.7510E+0	765.0067E+0	187.3578E+0	-5.8562E+0	31.9933E+0	30.0516E+0
165.9010E+0	766.0067E+0	187.5514E+0	-5.7277E+0	32.7449E+0	30.0530E+0
166.0510E+0	767.0067E+0	187.1747E+0	-5.6837E+0	32.9321E+0	30.0909E+0
166.2010E+0	768.0067E+0	186.0718E+0	-5.6411E+0	32.9851E+0	30.0748E+0
166.3510E+0	769.0067E+0	185.0588E+0	-5.6450E+0	32.7829E+0	30.0803E+0
166.5010E+0	770.0067E+0	184.5192E+0	-5.7174E+0	32.2732E+0	30.0854E+0
166.6510E+0	771.0067E+0	184.0650E+0	-5.6525E+0	32.5634E+0	30.0961E+0
166.8010E+0	772.0067E+0	183.0958E+0	-5.5739E+0	32.8486E+0	30.1206E+0
166.9510E+0	773.0067E+0	182.6259E+0	-5.7420E+0	31.8051E+0	30.1220E+0
167.1010E+0	774.0067E+0	182.5977E+0	-5.8505E+0	31.2104E+0	30.1078E+0
167.2510E+0	775.0067E+0	182.1647E+0	-5.8545E+0	31.1155E+0	30.1109E+0
167.4010E+0	776.0067E+0	183.1249E+0	-5.8638E+0	31.2299E+0	30.1291E+0
167.5510E+0	777.0067E+0	183.6689E+0	-5.6785E+0	32.3444E+0	30.1318E+0
167.7010E+0	778.0067E+0	183.7969E+0	-5.7995E+0	31.6921E+0	30.1161E+0
167.8510E+0	779.0067E+0	184.1964E+0	-5.7175E+0	32.2163E+0	30.1229E+0
168.0010E+0	780.0067E+0	184.0217E+0	-5.7103E+0	32.2260E+0	30.1390E+0
168.1510E+0	781.0067E+0	183.9202E+0	-5.5234E+0	33.2983E+0	30.1467E+0
168.3010E+0	782.0067E+0	183.5530E+0	-5.4930E+0	33.4155E+0	30.1292E+0
168.4510E+0	783.0067E+0	183.4840E+0	-5.5668E+0	32.9607E+0	30.0971E+0
168.6010E+0	784.0067E+0	182.9085E+0	-5.6061E+0	32.6268E+0	30.1048E+0
168.7510E+0	785.0067E+0	181.3281E+0	-5.6428E+0	32.1342E+0	30.1126E+0
168.9010E+0	786.0067E+0	180.2244E+0	-5.5802E+0	32.2971E+0	30.1127E+0
169.0510E+0	787.0067E+0	179.5617E+0	-5.6108E+0	32.0031E+0	30.0756E+0
169.2010E+0	788.0067E+0	179.4760E+0	-5.6623E+0	31.6969E+0	30.0541E+0
169.3510E+0	789.0067E+0	178.8006E+0	-5.7184E+0	31.2676E+0	30.0513E+0
169.5010E+0	790.0067E+0	178.6952E+0	-5.6715E+0	31.5075E+0	30.0513E+0
169.6510E+0	791.0067E+0	179.0456E+0	-5.6042E+0	31.9484E+0	30.0334E+0
169.8010E+0	792.0067E+0	179.3967E+0	-5.6675E+0	31.6537E+0	30.0385E+0
169.9510E+0	793.0067E+0	180.1293E+0	-5.7486E+0	31.3343E+0	30.0431E+0
170.1010E+0	794.0067E+0	180.5781E+0	-5.6892E+0	31.7405E+0	30.0510E+0
170.2510E+0	795.0067E+0	180.9314E+0	-5.7003E+0	31.7404E+0	30.0507E+0
170.4010E+0	796.0067E+0	181.0910E+0	-5.7045E+0	31.7455E+0	30.0695E+0
170.5510E+0	797.0067E+0	181.1214E+0	-5.7329E+0	31.5933E+0	30.1047E+0
170.7010E+0	798.0067E+0	180.0605E+0	-5.6010E+0	32.1479E+0	30.1080E+0
170.8510E+0	799.0067E+0	179.5320E+0	-5.6263E+0	31.9094E+0	30.0713E+0
171.0010E+0	800.0067E+0	178.4847E+0	-5.5935E+0	31.9091E+0	30.0941E+0
171.1510E+0	801.0067E+0	177.5900E+0	-5.5579E+0	31.9527E+0	30.0947E+0
171.3010E+0	802.0067E+0	176.4920E+0	-5.5774E+0	31.6442E+0	30.0971E+0
171.4510E+0	803.0067E+0	175.4968E+0	-5.5394E+0	31.6817E+0	30.0959E+0
171.6010E+0	804.0067E+0	175.0146E+0	-5.6764E+0	30.8321E+0	30.0747E+0
171.7510E+0	805.0067E+0	175.4661E+0	-5.7507E+0	30.5120E+0	30.0730E+0
171.9010E+0	806.0067E+0	175.7500E+0	-5.7134E+0	30.7609E+0	30.0844E+0
172.0510E+0	807.0067E+0	176.1116E+0	-5.6119E+0	31.3819E+0	30.0821E+0
172.2010E+0	808.0067E+0	176.7907E+0	-5.6510E+0	31.2848E+0	30.0852E+0
172.3510E+0	809.0067E+0	176.9236E+0	-5.6701E+0	31.2029E+0	30.0693E+0
172.5010E+0	810.0067E+0	177.3877E+0	-5.6788E+0	31.2367E+0	30.0428E+0
172.6510E+0	811.0067E+0	177.4701E+0	-5.6426E+0	31.4519E+0	30.0354E+0
172.8010E+0	812.0067E+0	177.2792E+0	-5.7442E+0	30.8623E+0	30.0352E+0
172.9510E+0	813.0067E+0	176.9147E+0	-5.6836E+0	31.1270E+0	30.0495E+0
173.1010E+0	814.0067E+0	176.4661E+0	-5.7232E+0	30.8334E+0	30.0468E+0
173.2510E+0	815.0067E+0	175.1067E+0	-5.5478E+0	31.5635E+0	30.0305E+0
173.4010E+0	816.0067E+0	174.0317E+0	-5.6260E+0	30.9334E+0	30.0304E+0
173.5510E+0	817.0067E+0	172.8652E+0	-5.6166E+0	30.7778E+0	30.0300E+0
173.7010E+0	818.0067E+0	172.7028E+0	-5.6923E+0	30.3399E+0	30.0455E+0
173.8510E+0	819.0067E+0	172.0964E+0	-5.6566E+0	30.4242E+0	30.0383E+0
174.0010E+0	820.0067E+0	171.8158E+0	-5.7275E+0	29.9984E+0	30.0412E+0
174.1510E+0	821.0067E+0	171.7607E+0	-5.6665E+0	30.3116E+0	30.0298E+0
174.3010E+0	822.0067E+0	172.1469E+0	-5.7738E+0	29.8153E+0	30.0327E+0
174.4510E+0	823.0067E+0	172.4275E+0	-5.8284E+0	29.5841E+0	30.0283E+0
174.6010E+0	824.0067E+0	173.3085E+0	-5.7690E+0	30.0411E+0	30.0237E+0
174.7510E+0	825.0067E+0	173.5518E+0	-5.6649E+0	30.6363E+0	30.0309E+0
174.9010E+0	826.0067E+0	173.4003E+0	-5.6451E+0	30.7168E+0	30.0254E+0
175.0515E+0	827.0100E+0	174.0151E+0	-5.7487E+0	30.2706E+0	30.0082E+0
175.2015E+0	828.0100E+0	174.0682E+0	-5.7149E+0	30.4584E+0	30.0091E+0
175.3515E+0	829.0100E+0	173.4682E+0	-5.8328E+0	29.7400E+0	30.0402E+0
175.5015E+0	830.0100E+0	172.5216E+0	-5.6375E+0	30.6028E+0	30.0514E+0
175.6515E+0	831.0100E+0	171.3594E+0	-5.7962E+0	29.5641E+0	30.0545E+0
175.8015E+0	832.0100E+0	170.2988E+0	-5.7169E+0	29.7887E+0	30.0384E+0
175.9515E+0	833.0100E+0	169.4611E+0	-5.7576E+0	29.4325E+0	30.0314E+0
176.1015E+0	834.0100E+0	169.2111E+0	-5.6387E+0	30.0091E+0	30.0346E+0
176.2515E+0	835.0100E+0	168.8975E+0	-5.7471E+0	29.3883E+0	30.0550E+0
176.4015E+0	836.0100E+0	168.2079E+0	-5.7488E+0	29.2598E+0	30.0717E+0
176.5515E+0	837.0100E+0	168.3693E+0	-5.7409E+0	29.3279E+0	30.0801E+0
176.7015E+0	838.0100E+0	169.1095E+0	-5.7479E+0	29.4209E+0	30.0963E+0
176.8515E+0	839.0100E+0	170.0305E+0	-5.8696E+0	28.9680E+0	30.0736E+0
177.0015E+0	840.0100E+0	170.3490E+0	-5.8553E+0	29.0931E+0	30.0811E+0
177.1515E+0	841.0100E+0	170.6402E+0	-5.7829E+0	29.5075E+0	30.1053E+0
177.3015E+0	842.0100E+0	170.6898E+0	-5.7063E+0	29.9128E+0	30.1059E+0
177.4515E+0	843.0100E+0	170.2454E+0	-5.7739E+0	29.4855E+0	30.0920E+0
177.6015E+0	844.0100E+0	170.0452E+0	-5.8529E+0	29.0533E+0	30.0972E+0
177.7515E+0	845.0100E+0	169.3642E+0	-5.7847E+0	29.2779E+0	30.0729E+0
177.9015E+0	846.0100E+0	168.7820E+0	-5.6973E+0	29.6248E+0	30.0834E+0
178.0515E+0	847.0100E+0	167.9938E+0	-5.7079E+0	29.4320E+0	30.0737E+0
178.2015E+0	848.0100E+0	166.9767E+0	-5.6526E+0	29.5396E+0	30.0999E+0
178.3515E+0	849.0100E+0	165.8236E+0	-5.6600E+0	29.2973E+0	30.1273E+0
178.5015E+0	850.0100E+0	165.8856E+0	-5.7907E+0	28.6470E+0	30.1318E+0
178.6515E+0	851.0100E+0	165.1078E+0	-5.7194E+0	28.8680E+0	30.1188E+0
178.8015E+0	852.0100E+0	164.9843E+0	-5.6292E+0	29.3089E+0	30.0819E+0
178.9515E+0	853.0100E+0	165.3175E+0	-5.7262E+0	28.8704E+0	30.0704E+0
179.1015E+0	854.0100E+0	166.0554E+0	-5.6313E+0	29.4877E+0	30.0606E+0
179.2515E+0	855.0100E+0	166.6417E+0	-5.6397E+0	29.5480E+0	30.0692E+0
179.4015E+0	856.0100E+0	167.0798E+0	-5.8099E+0	28.7580E+0	30.0876E+0
179.5515E+0	857.0100E+0	167.4486E+0	-5.7944E+0	28.8981E+0	30.0749E+0
179.7015E+0	858.0100E+0	167.2416E+0	-5.8480E+0	28.5980E+0	30.0765E+0
179.8515E+0	859.0100E+0	166.9449E+0	-5.8201E+0	28.6841E+0	30.0655E+0
180.0015E+0	860.0100E+0	166.4337E+0	-5.6905E+0	29.2478E+0	30.0639E+0
180.1515E+0	861.0100E+0	165.9613E+0	-5.6625E+0	29.3088E+0	30.0408E+0
180.3015E+0	862.0100E+0	164.9525E+0	-5.7341E+0	28.7668E+0	30.0487E+0
180.4515E+0	863.0100E+0	164.1279E+0	-5.7605E+0	28.4918E+0	30.0469E+0
180.6015E+0	864.0100E+0	162.3648E+0	-5.6297E+0	28.8408E+0	30.0781E+0
180.7515E+0	865.0100E+0	162.0565E+0	-5.5964E+0	28.9572E+0	30.0803E+0
180.9015E+0	866.0100E+0	161.9597E+0	-5.6185E+0	28.8259E+0	30.0756E+0
181.0515E+0	867.0100E+0	161.9580E+0	-5.7172E+0	28.3282E+0	30.0817E+0
181.2015E+0	868.0100E+0	161.8718E+0	-5.6253E+0	28.7759E+0	30.0958E+0
181.3515E+0	869.0100E+0	162.4661E+0	-5.6841E+0	28.5823E+0	30.1082E+0
181.5015E+0	870.0100E+0	162.8263E+0	-5.7112E+0	28.5102E+0	30.0868E+0
181.6515E+0	871.0100E+0	163.0438E+0	-5.6038E+0	29.0950E+0	30.0747E+0
181.8015E+0	872.0100E+0	163.5475E+0	-5.7089E+0	28.6478E+0	30.0646E+0
181.9515E+0	873.0100E+0	164.3748E+0	-5.8234E+0	28.2267E+0	30.0746E+0
182.1015E+0	874.0100E+0	164.6352E+0	-5.7765E+0	28.5007E+0	30.0910E+0
182.2515E+0	875.0100E+0	164.2427E+0	-5.6497E+0	29.0711E+0	30.0764E+0
182.4015E+0	876.0100E+0	163.3899E+0	-5.5564E+0	29.4056E+0	30.0693E+0
182.5515E+0	877.0100E+0	162.5650E+0	-5.6490E+0	28.7778E+0	30.0593E+0
182.7015E+0	878.0100E+0	161.7565E+0	-5.6746E+0	28.5053E+0	30.0529E+0
182.8515E+0	879.0100E+0	160.3341E+0	-5.7323E+0	27.9701E+0	30.0529E+0
183.0015E+0	880.0100E+0	159.4499E+0	-5.6309E+0	28.3170E+0	30.0458E+0
183.1515E+0	881.0100E+0	159.2290E+0	-5.5919E+0	28.4751E+0	30.0255E+0
183.3015E+0	882.0100E+0	158.9733E+0	-5.6853E+0	27.9621E+0	30.0251E+0
183.4515E+0	883.0100E+0	159.1721E+0	-5.7908E+0	27.4873E+0	30.0449E+0
183.6015E+0	884.0100E+0	159.5039E+0	-5.8835E+0	27.1102E+0	30.0408E+0
183.7515E+0	885.0100E+0	159.4642E+0	-5.7049E+0	27.9521E+0	30.0312E+0
183.9015E+0	886.0100E+0	159.8501E+0	-5.6597E+0	28.2438E+0	30.0272E+0
184.0515E+0	887.0100E+0	160.4630E+0	-5.6896E+0	28.2031E+0	30.0425E+0
184.2015E+0	888.0100E+0	160.9960E+0	-5.8007E+0	27.7544E+0	30.0585E+0
184.3515E+0	889.0100E+0	161.0325E+0	-5.6838E+0	28.3316E+0	30.0566E+0
184.5015E+0	890.0100E+0	160.8879E+0	-5.6747E+0	28.3519E+0	30.0554E+0
184.6515E+0	891.0100E+0	160.1995E+0	-5.6590E+0	28.3089E+0	30.0729E+0
184.8015E+0	892.0100E+0	159.4507E+0	-5.7133E+0	27.9089E+0	30.0892E+0
184.9515E+0	893.0100E+0	158.7615E+0	-5.6949E+0	27.8777E+0	30.0588E+0
185.1015E+0	894.0100E+0	158.1618E+0	-5.5935E+0	28.2759E+0	30.0508E+0
185.2515E+0	895.0100E+0	157.4597E+0	-5.5171E+0	28.5405E+0	30.0674E+0
185.4015E+0	896.0100E+0	156.9532E+0	-5.6847E+0	27.6100E+0	30.0633E+0
185.5515E+0	897.0100E+0	156.3323E+0	-5.7008E+0	27.4227E+0	30.0664E+0
185.7015E+0	898.0100E+0	155.9437E+0	-5.5822E+0	27.9360E+0	30.0659E+0
185.8515E+0	899.0100E+0	155.7667E+0	-5.6688E+0	27.4778E+0	30.0575E+0
186.0015E+0	900.0100E+0	156.1338E+0	-5.5958E+0	27.9018E+0	30.0211E+0
186.1515E+0	901.0100E+0	156.5163E+0	-5.6475E+0	27.7143E+0	30.0017E+0
186.3015E+0	902.0100E+0	156.9910E+0	-5.7016E+0	27.5347E+0	30.0326E+0
186.4515E+0	903.0100E+0	157.4467E+0	-5.7671E+0	27.3008E+0	30.0529E+0
186.6015E+0	904.0100E+0	157.7987E+0	-5.6752E+0	27.8047E+0	30.0630E+0
186.7515E+0	905.0100E+0	157.8086E+0	-5.8469E+0	26.9903E+0	30.0836E+0
186.9015E+0	906.0100E+0	157.4876E+0	-5.7980E+0	27.1623E+0	30.0906E+0
187.0515E+0	907.0100E+0	156.8346E+0	-5.8453E+0	26.8310E+0	30.0658E+0
187.2015E+0	908.0100E+0	156.2826E+0	-5.8394E+0	26.7634E+0	30.0499E+0
187.3515E+0	909.0100E+0	155.3690E+0	-5.7664E+0	26.9439E+0	30.0407E+0
187.5015E+0	910.0100E+0	154.4075E+0	-5.7606E+0	26.8042E+0	30.0444E+0
187.6515E+0	911.0100E+0	153.7984E+0	-5.7431E+0	26.7799E+0	30.0423E+0
187.8015E+0	912.0100E+0	153.2145E+0	-5.5045E+0	27.8345E+0	30.0301E+0
187.9515E+0	913.0100E+0	152.4188E+0	-5.6149E+0	27.1455E+0	30.0260E+0
188.1015E+0	914.0100E+0	152.4623E+0	-5.7314E+0	26.6013E+0	30.0137E+0
188.2515E+0	915.0100E+0	151.9124E+0	-5.6963E+0	26.6688E+0	29.9852E+0
188.4015E+0	916.0100E+0	152.7195E+0	-5.6586E+0	26.9891E+0	29.9980E+0
188.5515E+0	917.0100E+0	153.4430E+0	-5.5763E+0	27.5168E+0	29.9815E+0
188.7015E+0	918.0100E+0	153.7587E+0	-5.6990E+0	26.9798E+0	29.9792E+0
188.8515E+0	919.0100E+0	154.2032E+0	-5.6017E+0	27.5281E+0	29.9943E+0
189.0015E+0	920.0100E+0	154.3221E+0	-5.6893E+0	27.1252E+0	30.0090E+0
189.1515E+0	921.0100E+0	153.8623E+0	-5.6708E+0	27.1322E+0	30.0051E+0
189.3015E+0	922.0100E+0	153.0492E+0	-5.6225E+0	27.2207E+0	29.9855E+0
189.4515E+0	923.0100E+0	152.2197E+0	-5.5733E+0	27.3121E+0	29.9951E+0
189.6015E+0	924.0100E+0	151.6590E+0	-5.5664E+0	27.2456E+0	29.9782E+0
189.7515E+0	925.0100E+0	150.6410E+0	-5.6939E+0	26.4563E+0	29.9487E+0
189.9015E+0	926.0100E+0	149.7563E+0	-5.8034E+0	25.8047E+0	29.9340E+0
190.0515E+0	927.0100E+0	149.1751E+0	-5.6854E+0	26.2382E+0	29.9144E+0
190.2015E+0	928.0100E+0	148.6616E+0	-5.7684E+0	25.7719E+0	29.9094E+0
190.3515E+0	929.0100E+0	148.6050E+0	-5.5805E+0	26.6294E+0	29.9279E+0
190.5015E+0	930.0100E+0	148.8113E+0	-5.4756E+0	27.1772E+0	29.9338E+0
190.6515E+0	931.0100E+0	149.2391E+0	-5.6598E+0	26.3683E+0	29.9335E+0
190.8015E+0	932.0100E+0	149.3271E+0	-5.5176E+0	27.0640E+0	29.9356E+0
190.9515E+0	933.0100E+0	149.8791E+0	-5.5737E+0	26.8903E+0	29.9616E+0
191.1015E+0	934.0100E+0	150.6774E+0	-5.6475E+0	26.6806E+0	29.9768E+0
191.2515E+0	935.0100E+0	151.0531E+0	-5.5604E+0	27.1660E+0	29.9783E+0
191.4015E+0	936.0100E+0	150.8431E+0	-5.5351E+0	27.2519E+0	29.9606E+0
191.5515E+0	937.0100E+0	150.5181E+0	-5.6132E+0	26.8148E+0	29.9504E+0
191.7015E+0	938.0100E+0	149.9792E+0	-5.5264E+0	27.1385E+0	29.9514E+0
191.8515E+0	939.0100E+0	148.9968E+0	-5.5367E+0	26.9107E+0	29.9760E+0
192.0015E+0	940.0100E+0	148.3147E+0	-5.5330E+0	26.8053E+0	29.9747E+0
192.1515E+0	941.0100E+0	147.4913E+0	-5.6799E+0	25.9672E+0	29.9817E+0
192.3015E+0	942.0100E+0	146.7203E+0	-5.6228E+0	26.0938E+0	29.9946E+0
192.4515E+0	943.0100E+0	145.6476E+0	-5.5763E+0	26.1191E+0	30.0149E+0
192.6015E+0	944.0100E+0	145.6531E+0	-5.6073E+0	25.9755E+0	29.9904E+0
192.7515E+0	945.0100E+0	145.7169E+0	-5.6312E+0	25.8769E+0	30.0000E+0
192.9015E+0	946.0100E+0	146.4204E+0	-5.5424E+0	26.4184E+0	30.0116E+0
193.0515E+0	947.0100E+0	146.9192E+0	-5.5808E+0	26.3257E+0	30.0295E+0
193.2015E+0	948.0100E+0	147.3268E+0	-5.5010E+0	26.7820E+0	30.0367E+0
193.3515E+0	949.0100E+0	148.1833E+0	-5.7685E+0	25.6884E+0	30.0552E+0
193.5015E+0	950.0100E+0	148.4356E+0	-5.5792E+0	26.6053E+0	30.0650E+0
193.6515E+0	951.0100E+0	148.5345E+0	-5.6000E+0	26.5240E+0	30.0553E+0
193.8015E+0	952.0100E+0	147.8560E+0	-5.5597E+0	26.5943E+0	30.0441E+0
193.9515E+0	953.0100E+0	147.4418E+0	-5.5575E+0	26.5304E+0	30.0621E+0
194.1015E+0	954.0100E+0	146.9323E+0	-5.5282E+0	26.5786E+0	30.0708E+0
194.2515E+0	955.0100E+0	145.8623E+0	-5.4947E+0	26.5459E+0	30.0792E+0
194.4015E+0	956.0100E+0	145.4042E+0	-5.4555E+0	26.6529E+0	30.0474E+0
194.5515E+0	957.0100E+0	144.3756E+0	-5.6389E+0	25.6034E+0	30.0495E+0
194.7015E+0	958.0100E+0	144.0045E+0	-5.5992E+0	25.7189E+0	30.0765E+0
194.8515E+0	959.0100E+0	143.5927E+0	-5.6436E+0	25.4435E+0	30.0917E+0
195.0015E+0	960.0100E+0	143.8570E+0	-5.6127E+0	25.6304E+0	30.0721E+0
195.1515E+0	961.0100E+0	144.0022E+0	-5.6116E+0	25.6616E+0	30.0755E+0
195.3015E+0	962.0100E+0	144.3781E+0	-5.6318E+0	25.6361E+0	30.0796E+0
195.4515E+0	963.0100E+0	144.4052E+0	-5.5470E+0	26.0330E+0	30.1016E+0
195.6015E+0	964.0100E+0	144.9801E+0	-5.5998E+0	25.8903E+0	30.0915E+0
195.7515E+0	965.0100E+0	145.3584E+0	-5.5440E+0	26.2192E+0	30.0791E+0
195.9015E+0	966.0100E+0	145.8707E+0	-5.5165E+0	26.4426E+0	30.0805E+0
196.0515E+0	967.0100E+0	145.7419E+0	-5.6239E+0	25.9149E+0	30.0668E+0
196.2015E+0	968.0100E+0	145.1286E+0	-5.7753E+0	25.1292E+0	30.0372E+0
196.3515E+0	969.0100E+0	144.5508E+0	-5.6461E+0	25.6019E+0	30.0601E+0
196.5015E+0	970.0100E+0	144.1710E+0	-5.4912E+0	26.2551E+0	30.0503E+0
196.6515E+0	971.0100E+0	143.4514E+0	-5.5145E+0	26.0133E+0	30.0380E+0
196.8015E+0	972.0100E+0	142.8512E+0	-5.5230E+0	25.8647E+0	30.0184E+0
196.9515E+0	973.0100E+0	141.9510E+0	-5.6242E+0	25.2395E+0	30.0349E+0
197.1015E+0	974.0100E+0	141.5005E+0	-5.6884E+0	24.8754E+0	30.0431E+0
197.2515E+0	975.0100E+0	141.4386E+0	-5.7367E+0	24.6551E+0	30.0252E+0
197.4015E+0	976.0100E+0	141.4183E+0	-5.6248E+0	25.1420E+0	30.0645E+0
197.5515E+0	977.0100E+0	141.4955E+0	-5.5900E+0	25.3123E+0	30.0453E+0
197.7015E+0	978.0100E+0	142.1040E+0	-5.4879E+0	25.8943E+0	30.0308E+0
197.8515E+0	979.0100E+0	142.3119E+0	-5.6494E+0	25.1908E+0	30.0676E+0
198.0015E+0	980.0100E+0	142.6275E+0	-5.5672E+0	25.6193E+0	30.0228E+0
198.1515E+0	981.0100E+0	142.9079E+0	-5.5061E+0	25.9542E+0	30.0151E+0
198.3015E+0	982.0100E+0	143.2603E+0	-5.6687E+0	25.2722E+0	30.0025E+0
198.4515E+0	983.0100E+0	143.5235E+0	-5.7038E+0	25.1629E+0	30.0112E+0
198.6015E+0	984.0100E+0	142.7640E+0	-5.6931E+0	25.0767E+0	30.0319E+0
198.7515E+0	985.0100E+0	142.3078E+0	-5.5390E+0	25.6921E+0	30.0296E+0
198.9015E+0	986.0100E+0	141.2991E+0	-5.6069E+0	25.2011E+0	30.0108E+0
199.0515E+0	987.0100E+0	140.1112E+0	-5.5993E+0	25.0230E+0	30.0334E+0
199.2015E+0	988.0100E+0	139.3040E+0	-5.6019E+0	24.8674E+0	30.0431E+0
199.3515E+0	989.0100E+0	138.8077E+0	-5.5639E+0	24.9480E+0	30.0594E+0
199.5015E+0	990.0100E+0	138.3009E+0	-5.7158E+0	24.1960E+0	30.0546E+0
199.6515E+0	991.0100E+0	138.1802E+0	-5.5357E+0	24.9616E+0	30.0294E+0
199.8015E+0	992.0100E+0	138.3832E+0	-5.6050E+0	24.6894E+0	30.0438E+0
199.9515E+0	993.0100E+0	138.9137E+0	-5.5639E+0	24.9672E+0	30.0392E+0
200.1015E+0	994.0100E+0	139.1497E+0	-5.6079E+0	24.8134E+0	30.0432E+0
200.2515E+0	995.0100E+0	139.6432E+0	-5.7329E+0	24.3582E+0	30.0433E+0
200.4015E+0	996.0100E+0	140.0728E+0	-5.6301E+0	24.8792E+0	30.0187E+0
200.5515E+0	997.0100E+0	139.7354E+0	-5.6363E+0	24.7920E+0	30.0259E+0
200.7015E+0	998.0100E+0	139.5541E+0	-5.5053E+0	25.3488E+0	30.0206E+0
200.8515E+0	999.0100E+0	139.6349E+0	-5.6220E+0	24.8371E+0	30.0248E+0
201.0015E+0	1.0000E+3	139.2001E+0	-5.6951E+0	24.4419E+0	30.0148E+0
201.1515E+0	1.0010E+3	138.2284E+0	-5.4811E+0	25.2189E+0	30.0144E+0
